,c,h,l,o,s,t,v
0,0.87396,0.88244,0.87391,0.87766,ok,1287435600,45115
1,0.88093,0.88218,0.87393,0.87402,ok,1287522000,40839
2,0.88617,0.89068,0.87728,0.88115,ok,1287608400,48196
3,0.88916,0.88954,0.88474,0.88623,ok,1287694800,30481
4,0.88922,0.88922,0.88922,0.88922,ok,1287781200,1
5,0.89063,0.89278,0.88874,0.88874,ok,1287867600,896
6,0.88811,0.89407,0.88623,0.8907,ok,1287954000,31952
7,0.87453,0.88832,0.87283,0.88808,ok,1288040400,32342
8,0.87304,0.87529,0.87125,0.87459,ok,1288126800,32564
9,0.87357,0.87711,0.87018,0.87309,ok,1288213200,30671
10,0.86902,0.87421,0.86696,0.87351,ok,1288299600,28826
11,0.86971,0.86985,0.86863,0.86889,ok,1288472400,481
12,0.86638,0.87221,0.86517,0.86974,ok,1288558800,33259
13,0.87476,0.87672,0.86527,0.86624,ok,1288645200,29400
14,0.8791,0.87916,0.86966,0.87474,ok,1288731600,40022
15,0.87313,0.88173,0.87179,0.87908,ok,1288818000,35144
16,0.86663,0.8776,0.86525,0.87306,ok,1288904400,37788
17,0.86653,0.86658,0.86653,0.86658,ok,1288990800,2
18,0.86731,0.86736,0.86512,0.86736,ok,1289077200,1277
19,0.86235,0.86916,0.86073,0.86727,ok,1289167200,25443
20,0.86154,0.86448,0.85893,0.86248,ok,1289253600,39408
21,0.85487,0.86375,0.85244,0.86158,ok,1289340000,46614
22,0.84759,0.85511,0.84554,0.85502,ok,1289426400,37085
23,0.84916,0.85589,0.84493,0.84755,ok,1289512800,48516
24,0.84914,0.84914,0.84914,0.84914,ok,1289599200,1
25,0.84826,0.85028,0.8469,0.84811,ok,1289685600,1874
26,0.84634,0.85131,0.84532,0.84813,ok,1289772000,29395
27,0.84907,0.8525,0.84542,0.84639,ok,1289858400,39395
28,0.8503,0.85123,0.84742,0.84905,ok,1289944800,33328
29,0.85036,0.85511,0.84871,0.85032,ok,1290031200,30799
30,0.85501,0.85689,0.84953,0.85039,ok,1290117600,26971
31,0.85823,0.85861,0.85511,0.85511,ok,1290290400,843
32,0.85369,0.85947,0.85237,0.85828,ok,1290376800,27675
33,0.84713,0.85409,0.84454,0.85372,ok,1290463200,40960
34,0.84542,0.84982,0.84271,0.8472,ok,1290549600,39108
35,0.84756,0.84868,0.84323,0.84539,ok,1290636000,26397
36,0.84872,0.84992,0.84203,0.84758,ok,1290722400,35197
37,0.84889,0.84889,0.84877,0.84877,ok,1290808800,2
38,0.85133,0.8536,0.84772,0.84895,ok,1290895200,2653
39,0.84282,0.85195,0.84076,0.85149,ok,1290981600,38686
40,0.83419,0.84482,0.83404,0.84279,ok,1291068000,43559
41,0.84094,0.84378,0.83344,0.83428,ok,1291154400,43011
42,0.84665,0.84899,0.83898,0.84096,ok,1291240800,42042
43,0.84976,0.85253,0.84459,0.84735,ok,1291327200,32580
44,0.8483,0.85157,0.84808,0.84993,ok,1291500000,918
45,0.84654,0.85097,0.84538,0.84889,ok,1291586400,33803
46,0.84137,0.84806,0.841,0.84639,ok,1291672800,39468
47,0.8391,0.84282,0.83622,0.84139,ok,1291759200,36433
48,0.83936,0.84152,0.83605,0.83903,ok,1291845600,35176
49,0.83639,0.84047,0.83556,0.83933,ok,1291932000,26787
50,0.83641,0.83641,0.83641,0.83641,ok,1292018400,1
51,0.83495,0.83717,0.8348,0.83648,ok,1292104800,433
52,0.84413,0.84569,0.83478,0.83498,ok,1292191200,27952
53,0.84791,0.85087,0.84319,0.84416,ok,1292277600,35282
54,0.84995,0.85477,0.84485,0.84794,ok,1292364000,37248
55,0.84707,0.85109,0.84568,0.84993,ok,1292450400,30970
56,0.84856,0.85526,0.84663,0.8471,ok,1292536800,33917
57,0.84842,0.84853,0.84842,0.84853,ok,1292623200,2
58,0.84932,0.84976,0.84809,0.8489,ok,1292709600,660
59,0.8463,0.84946,0.84459,0.84936,ok,1292796000,26430
60,0.84674,0.85184,0.84476,0.84628,ok,1292882400,26983
61,0.85129,0.85229,0.84609,0.84678,ok,1292968800,25771
62,0.84991,0.85255,0.84656,0.85132,ok,1293055200,24805
63,0.84926,0.85141,0.84765,0.84973,ok,1293141600,15104
64,0.84963,0.84963,0.84924,0.84924,ok,1293228000,4
65,0.84892,0.8498,0.84879,0.8492,ok,1293314400,74
66,0.85352,0.85579,0.84787,0.84882,ok,1293400800,17214
67,0.85332,0.85921,0.85239,0.85346,ok,1293487200,25108
68,0.8531,0.85536,0.85021,0.85342,ok,1293573600,22920
69,0.86127,0.86317,0.8518,0.85314,ok,1293660000,24850
70,0.85697,0.86477,0.8539,0.8613,ok,1293746400,23352
71,0.85677,0.85692,0.85677,0.85692,ok,1293832800,2
72,0.85694,0.85719,0.85486,0.85636,ok,1293919200,663
73,0.86257,0.86456,0.85407,0.85691,ok,1294005600,20732
74,0.85366,0.8636,0.85254,0.86252,ok,1294092000,38394
75,0.84747,0.85414,0.84703,0.85363,ok,1294178400,30223
76,0.84033,0.8488,0.84009,0.84742,ok,1294264800,27896
77,0.82974,0.84257,0.82938,0.84031,ok,1294351200,39393
78,0.82935,0.8303,0.8291,0.83016,ok,1294524000,946
79,0.83154,0.83386,0.82844,0.82939,ok,1294610400,24746
80,0.83161,0.83365,0.82945,0.83151,ok,1294696800,26231
81,0.83303,0.83376,0.82993,0.83158,ok,1294783200,32976
82,0.84373,0.84416,0.83124,0.83307,ok,1294869600,36916
83,0.84317,0.84984,0.839,0.84376,ok,1294956000,41973
84,0.84308,0.84311,0.84308,0.84311,ok,1295042400,2
85,0.84334,0.84394,0.84275,0.84314,ok,1295128800,956
86,0.83662,0.8433,0.83476,0.8433,ok,1295215200,23233
87,0.83864,0.84058,0.83312,0.83665,ok,1295301600,34253
88,0.84215,0.84523,0.8377,0.8386,ok,1295388000,30402
89,0.84743,0.84806,0.84129,0.84217,ok,1295474400,35046
90,0.85085,0.85275,0.84592,0.84741,ok,1295560800,33833
91,0.85088,0.85088,0.85083,0.85083,ok,1295647200,5
92,0.85186,0.85206,0.84959,0.84989,ok,1295733600,865
93,0.85302,0.85522,0.8492,0.8519,ok,1295820000,24256
94,0.86496,0.8668,0.85286,0.85307,ok,1295906400,38540
95,0.86047,0.86715,0.85959,0.86498,ok,1295992800,34205
96,0.86202,0.86285,0.8581,0.86043,ok,1296079200,26679
97,0.85773,0.86523,0.85708,0.86205,ok,1296165600,28056
98,0.85798,0.85798,0.85791,0.85791,ok,1296252000,14
99,0.85694,0.85836,0.85678,0.85798,ok,1296338400,1341
100,0.85504,0.86187,0.85304,0.8569,ok,1296424800,23756
101,0.85653,0.85689,0.85095,0.85506,ok,1296511200,31717
102,0.85291,0.85767,0.85119,0.85659,ok,1296597600,21557
103,0.84474,0.85299,0.84383,0.85285,ok,1296684000,25919
104,0.84266,0.84765,0.84229,0.84478,ok,1296770400,25276
105,0.84266,0.84266,0.84266,0.84266,ok,1296856800,12
106,0.84183,0.84379,0.84159,0.84266,ok,1296943200,471
107,0.843,0.84455,0.83885,0.84188,ok,1297029600,19931
108,0.84784,0.85075,0.84191,0.84303,ok,1297116000,21120
109,0.85272,0.85288,0.84738,0.84781,ok,1297202400,19246
110,0.84477,0.85277,0.84436,0.85274,ok,1297288800,19312
111,0.84591,0.84762,0.84226,0.84479,ok,1297375200,18829
112,0.84591,0.84591,0.84591,0.84591,ok,1297461600,3
113,0.84451,0.84614,0.8439,0.84591,ok,1297548000,967
114,0.8409,0.84572,0.83982,0.84449,ok,1297634400,17009
115,0.83624,0.84482,0.83556,0.84094,ok,1297720800,23085
116,0.84291,0.84495,0.83601,0.83621,ok,1297807200,24019
117,0.84131,0.8444,0.83985,0.84289,ok,1297893600,19754
118,0.84198,0.84345,0.83585,0.84128,ok,1297980000,23335
119,0.84198,0.84198,0.84198,0.84198,ok,1298066400,12
120,0.84215,0.84345,0.84198,0.84198,ok,1298152800,623
121,0.84297,0.84441,0.84098,0.84212,ok,1298239200,13566
122,0.84585,0.84758,0.83819,0.84295,ok,1298325600,23742
123,0.84796,0.84948,0.84198,0.84582,ok,1298412000,21476
124,0.85508,0.85646,0.847,0.84794,ok,1298498400,21445
125,0.8527,0.85925,0.85198,0.85504,ok,1298584800,18233
126,0.85275,0.85275,0.85272,0.85272,ok,1298671200,16
127,0.85341,0.854,0.85241,0.85275,ok,1298757600,458
128,0.84912,0.8554,0.848,0.85344,ok,1298844000,26927
129,0.84683,0.85038,0.84603,0.8491,ok,1298930400,25632
130,0.84919,0.85033,0.84588,0.8468,ok,1299016800,24322
131,0.85805,0.85831,0.84781,0.84917,ok,1299103200,25120
132,0.85928,0.86067,0.85638,0.85808,ok,1299189600,22616
133,0.85932,0.85932,0.85932,0.85932,ok,1299276000,1
134,0.8593,0.85982,0.8586,0.85932,ok,1299362400,614
135,0.86207,0.86348,0.85713,0.85925,ok,1299448800,19410
136,0.86031,0.86355,0.85886,0.86209,ok,1299535200,19827
137,0.85829,0.8604,0.85625,0.86027,ok,1299621600,20722
138,0.85898,0.86072,0.85332,0.85827,ok,1299708000,27342
139,0.86403,0.8655,0.85886,0.859,ok,1299794400,26913
140,0.86403,0.86403,0.86403,0.86403,ok,1299880800,14
141,0.86767,0.8682,0.86403,0.86403,ok,1299967200,2263
142,0.86501,0.86916,0.86352,0.86762,ok,1300050000,28421
143,0.87051,0.87089,0.86251,0.86498,ok,1300136400,37966
144,0.86718,0.8708,0.86555,0.87048,ok,1300222800,35942
145,0.86891,0.87178,0.86687,0.86721,ok,1300309200,46251
146,0.8731,0.87604,0.8673,0.86887,ok,1300395600,37055
147,0.87303,0.87303,0.87303,0.87303,ok,1300482000,13
148,0.87399,0.8741,0.87235,0.87303,ok,1300568400,873
149,0.87206,0.87437,0.86969,0.87397,ok,1300654800,20068
150,0.86736,0.87287,0.86603,0.87202,ok,1300741200,20420
151,0.8676,0.87243,0.86537,0.86733,ok,1300827600,24357
152,0.87934,0.88085,0.86632,0.86758,ok,1300914000,25277
153,0.87771,0.88104,0.87735,0.87932,ok,1301000400,24832
154,0.87772,0.87772,0.87769,0.87769,ok,1301086800,14
155,0.877,0.8778,0.87564,0.87772,ok,1301173200,1037
156,0.88078,0.88187,0.87596,0.87694,ok,1301259600,22241
157,0.88134,0.88351,0.87979,0.8808,ok,1301346000,21691
158,0.8789,0.88177,0.87523,0.88132,ok,1301432400,24703
159,0.88319,0.88526,0.87754,0.87888,ok,1301518800,25897
160,0.88296,0.88438,0.88011,0.88316,ok,1301605200,27259
161,0.88296,0.88296,0.88293,0.88293,ok,1301691600,12
162,0.8828,0.88296,0.88199,0.88296,ok,1301778000,252
163,0.88143,0.88395,0.8792,0.88283,ok,1301864400,20439
164,0.87261,0.88193,0.87137,0.88147,ok,1301950800,23315
165,0.8774,0.87968,0.87191,0.87263,ok,1302037200,24730
166,0.87649,0.87919,0.87221,0.87744,ok,1302123600,27307
167,0.88347,0.88393,0.87581,0.87646,ok,1302210000,27168
168,0.88322,0.88354,0.88322,0.88349,ok,1302296400,18
169,0.88328,0.88362,0.88078,0.88322,ok,1302382800,785
170,0.88306,0.88586,0.87923,0.88321,ok,1302469200,22160
171,0.89038,0.89151,0.8822,0.88303,ok,1302555600,30735
172,0.88769,0.89231,0.88706,0.89035,ok,1302642000,26119
173,0.88596,0.88812,0.88072,0.88771,ok,1302728400,30055
174,0.88329,0.88675,0.88133,0.88598,ok,1302814800,26380
175,0.88329,0.88329,0.88329,0.88329,ok,1302901200,11
176,0.88325,0.88443,0.88265,0.88329,ok,1302987600,236
177,0.87498,0.88386,0.87473,0.88327,ok,1303074000,33486
178,0.87848,0.87934,0.87404,0.875,ok,1303160400,27372
179,0.88498,0.88768,0.87789,0.87845,ok,1303246800,32375
180,0.88073,0.8878,0.8783,0.88494,ok,1303333200,31437
181,0.8816,0.88347,0.87996,0.88069,ok,1303419600,14765
182,0.88159,0.88159,0.88159,0.88159,ok,1303506000,13
183,0.88047,0.88159,0.88042,0.88159,ok,1303592400,141
184,0.88369,0.88521,0.87956,0.88045,ok,1303678800,18229
185,0.8884,0.89031,0.88078,0.88366,ok,1303765200,26530
186,0.88922,0.89229,0.88459,0.88838,ok,1303851600,34277
187,0.89104,0.89158,0.88686,0.88924,ok,1303938000,30278
188,0.88578,0.89365,0.88561,0.89101,ok,1304024400,19583
189,0.88578,0.88578,0.88578,0.88578,ok,1304110800,12
190,0.88605,0.88618,0.88524,0.88578,ok,1304197200,209
191,0.89038,0.89197,0.88558,0.88602,ok,1304283600,27800
192,0.89915,0.90058,0.88816,0.89041,ok,1304370000,31088
193,0.89915,0.90268,0.89762,0.89913,ok,1304456400,34045
194,0.88707,0.90417,0.88638,0.89917,ok,1304542800,41495
195,0.87411,0.88982,0.874,0.88711,ok,1304629200,53241
196,0.87411,0.87411,0.87411,0.87411,ok,1304715600,12
197,0.87763,0.87845,0.87411,0.87411,ok,1304802000,1404
198,0.87557,0.88177,0.87407,0.87767,ok,1304888400,37814
199,0.88029,0.88082,0.87193,0.87559,ok,1304974800,35936
200,0.86814,0.88104,0.86771,0.88026,ok,1305061200,35280
201,0.87421,0.87521,0.86723,0.86816,ok,1305147600,37659
202,0.87124,0.87995,0.87035,0.87418,ok,1305234000,34066
203,0.87124,0.87124,0.87124,0.87124,ok,1305320400,13
204,0.86885,0.87124,0.86757,0.87124,ok,1305406800,735
205,0.87408,0.87699,0.86832,0.86889,ok,1305493200,29550
206,0.87579,0.87622,0.86771,0.87412,ok,1305579600,35651
207,0.88115,0.88409,0.87568,0.87576,ok,1305666000,33144
208,0.8813,0.88446,0.87913,0.88113,ok,1305752400,32423
209,0.87185,0.88375,0.86996,0.88128,ok,1305838800,30190
210,0.87185,0.87185,0.87185,0.87185,ok,1305925200,12
211,0.87032,0.87185,0.86967,0.87185,ok,1306011600,399
212,0.87121,0.87285,0.86637,0.87034,ok,1306098000,36105
213,0.87131,0.87514,0.87047,0.87119,ok,1306184400,33444
214,0.8656,0.87163,0.8632,0.87135,ok,1306270800,34211
215,0.8621,0.87107,0.86103,0.86565,ok,1306357200,33425
216,0.86675,0.86911,0.86178,0.86213,ok,1306443600,37924
217,0.86675,0.86675,0.86675,0.86675,ok,1306530000,12
218,0.86765,0.86826,0.86675,0.86675,ok,1306616400,1187
219,0.86675,0.86815,0.8655,0.86762,ok,1306702800,19044
220,0.87519,0.87527,0.86653,0.86678,ok,1306789200,33077
221,0.87714,0.8808,0.87437,0.87507,ok,1306875600,33538
222,0.885,0.88631,0.8763,0.87712,ok,1306962000,30647
223,0.89052,0.89224,0.88452,0.88502,ok,1307048400,30871
224,0.89052,0.89052,0.89052,0.89052,ok,1307134800,12
225,0.88959,0.89075,0.88951,0.89052,ok,1307221200,631
226,0.89107,0.89378,0.88925,0.88961,ok,1307307600,26076
227,0.89317,0.89451,0.89072,0.89109,ok,1307394000,27057
228,0.8889,0.89751,0.88833,0.89319,ok,1307480400,28494
229,0.88628,0.89185,0.88459,0.88888,ok,1307566800,30213
230,0.88385,0.89165,0.88274,0.88623,ok,1307653200,31247
231,0.88385,0.88385,0.88385,0.88385,ok,1307739600,12
232,0.88237,0.88385,0.8806,0.88385,ok,1307826000,911
233,0.87984,0.88421,0.8794,0.88239,ok,1307912400,25943
234,0.88198,0.88431,0.87837,0.87987,ok,1307998800,27093
235,0.87529,0.88238,0.87498,0.882,ok,1308085200,32676
236,0.87893,0.87985,0.87203,0.87527,ok,1308171600,42225
237,0.88324,0.88542,0.87696,0.87891,ok,1308258000,34439
238,0.88324,0.88324,0.88324,0.88324,ok,1308344400,12
239,0.88266,0.88364,0.88149,0.88324,ok,1308430800,921
240,0.88273,0.88431,0.87898,0.88269,ok,1308517200,26727
241,0.88701,0.88797,0.88252,0.88269,ok,1308603600,26008
242,0.89304,0.89519,0.88464,0.88703,ok,1308690000,34810
243,0.89063,0.89331,0.88489,0.89301,ok,1308776400,36688
244,0.88859,0.89258,0.88598,0.89061,ok,1308862800,32657
245,0.88859,0.88859,0.88859,0.88859,ok,1308949200,12
246,0.88889,0.8907,0.88731,0.88859,ok,1309035600,1005
247,0.89331,0.89426,0.88581,0.88876,ok,1309122000,30896
248,0.89803,0.89831,0.89269,0.89329,ok,1309208400,32711
249,0.89845,0.90144,0.89667,0.89805,ok,1309294800,30397
250,0.90331,0.90683,0.89833,0.89847,ok,1309381200,29635
251,0.90343,0.90827,0.90155,0.90328,ok,1309467600,26723
252,0.90343,0.90343,0.90343,0.90343,ok,1309554000,12
253,0.90444,0.9046,0.90303,0.90343,ok,1309640400,440
254,0.90369,0.90668,0.90045,0.90442,ok,1309726800,18336
255,0.89824,0.90485,0.89721,0.90362,ok,1309813200,24588
256,0.89454,0.90178,0.89411,0.89827,ok,1309899600,24413
257,0.89908,0.89944,0.8903,0.89452,ok,1309986000,27301
258,0.88784,0.90005,0.88633,0.89911,ok,1310072400,28553
259,0.88784,0.88784,0.88784,0.88784,ok,1310158800,12
260,0.88656,0.8901,0.88629,0.88784,ok,1310245200,1358
261,0.88191,0.88909,0.87952,0.88669,ok,1310331600,32234
262,0.87821,0.88387,0.87486,0.88193,ok,1310418000,50767
263,0.87931,0.88465,0.87596,0.87824,ok,1310504400,40101
264,0.87612,0.88307,0.87549,0.87927,ok,1310590800,43453
265,0.87683,0.87943,0.87452,0.8761,ok,1310677200,30098
266,0.87683,0.87683,0.87683,0.87683,ok,1310763600,12
267,0.87587,0.87718,0.8748,0.87683,ok,1310850000,1099
268,0.87872,0.87955,0.87049,0.87576,ok,1310936400,33354
269,0.87785,0.88082,0.87562,0.87869,ok,1311022800,29539
270,0.87983,0.88282,0.87686,0.87782,ok,1311109200,25215
271,0.88308,0.88373,0.87625,0.87981,ok,1311195600,34901
272,0.88016,0.88541,0.87974,0.88306,ok,1311282000,25325
273,0.88016,0.88016,0.88016,0.88016,ok,1311368400,2
274,0.88015,0.88127,0.87981,0.88016,ok,1311454800,988
275,0.88318,0.88431,0.87974,0.88019,ok,1311541200,26136
276,0.88421,0.88829,0.88167,0.88315,ok,1311627600,28028
277,0.87971,0.88473,0.8772,0.88426,ok,1311714000,26338
278,0.87537,0.88041,0.87359,0.87974,ok,1311800400,27569
279,0.87591,0.87838,0.87336,0.87539,ok,1311886800,35629
280,0.87591,0.87591,0.87591,0.87591,ok,1311973200,12
281,0.87546,0.87674,0.87491,0.87591,ok,1312059600,933
282,0.87447,0.88046,0.87218,0.87522,ok,1312146000,39314
283,0.87135,0.87694,0.86988,0.87463,ok,1312232400,35423
284,0.87179,0.87577,0.86945,0.87139,ok,1312318800,39966
285,0.86693,0.87494,0.86547,0.87176,ok,1312405200,49738
286,0.87065,0.87319,0.86427,0.86696,ok,1312491600,52153
287,0.87015,0.87065,0.8694,0.87065,ok,1312578000,15
288,0.87478,0.87492,0.8694,0.87015,ok,1312664400,4209
289,0.86879,0.87539,0.86622,0.87485,ok,1312750800,59832
290,0.88089,0.88099,0.86766,0.86881,ok,1312837200,72123
291,0.87866,0.88856,0.87593,0.88085,ok,1312923600,49583
292,0.87699,0.8826,0.87369,0.87868,ok,1313010000,55063
293,0.87484,0.87777,0.87313,0.87697,ok,1313096400,36204
294,0.87484,0.87484,0.87484,0.87484,ok,1313182800,12
295,0.87596,0.87617,0.87378,0.87484,ok,1313269200,500
296,0.88121,0.88292,0.87452,0.87599,ok,1313355600,30902
297,0.8754,0.88241,0.87371,0.88118,ok,1313442000,33370
298,0.87186,0.88075,0.86991,0.87542,ok,1313528400,34532
299,0.86773,0.87426,0.86747,0.8718,ok,1313614800,37143
300,0.87384,0.87421,0.86532,0.86775,ok,1313701200,36619
301,0.87384,0.87384,0.87384,0.87384,ok,1313787600,12
302,0.87264,0.87395,0.87259,0.87384,ok,1313874000,253
303,0.87254,0.87511,0.86962,0.87268,ok,1313960400,23317
304,0.87536,0.87687,0.8701,0.87257,ok,1314046800,27242
305,0.88019,0.88124,0.87266,0.87534,ok,1314133200,26695
306,0.88301,0.88343,0.87942,0.88021,ok,1314219600,26138
307,0.88526,0.88668,0.8825,0.88298,ok,1314306000,31471
308,0.88526,0.88526,0.88526,0.88526,ok,1314392400,13
309,0.88628,0.88642,0.88506,0.88526,ok,1314478800,294
310,0.88427,0.8879,0.88333,0.8863,ok,1314565200,22874
311,0.88589,0.88758,0.88147,0.88425,ok,1314651600,26113
312,0.88417,0.88841,0.88274,0.88594,ok,1314738000,25490
313,0.88122,0.88563,0.87967,0.8842,ok,1314824400,30158
314,0.87588,0.88209,0.87425,0.88124,ok,1314910800,30483
315,0.87588,0.87588,0.87588,0.87588,ok,1314997200,12
316,0.87636,0.87651,0.87373,0.87588,ok,1315083600,975
317,0.87457,0.87904,0.87374,0.87634,ok,1315170000,27732
318,0.87789,0.88198,0.87328,0.87454,ok,1315256400,47625
319,0.88156,0.88277,0.87718,0.87791,ok,1315342800,34526
320,0.86972,0.88417,0.8693,0.88154,ok,1315429200,34240
321,0.85981,0.87189,0.85931,0.86976,ok,1315515600,41166
322,0.85981,0.85981,0.85981,0.85981,ok,1315602000,12
323,0.8576,0.85981,0.85719,0.85981,ok,1315688400,1815
324,0.86226,0.86367,0.85285,0.85758,ok,1315774800,49863
325,0.86676,0.86858,0.85947,0.86228,ok,1315861200,43644
326,0.87219,0.87253,0.86386,0.86673,ok,1315947600,43013
327,0.87812,0.87894,0.86962,0.87221,ok,1316034000,38206
328,0.87354,0.87888,0.87125,0.87808,ok,1316120400,32339
329,0.87354,0.87354,0.87354,0.87354,ok,1316206800,12
330,0.86981,0.87354,0.86903,0.87354,ok,1316293200,2035
331,0.87144,0.87263,0.86703,0.86974,ok,1316379600,38759
332,0.87044,0.87365,0.86779,0.87151,ok,1316466000,39253
333,0.87561,0.87946,0.86837,0.87041,ok,1316552400,48855
334,0.87749,0.87873,0.87091,0.87566,ok,1316638800,60906
335,0.87279,0.87919,0.87118,0.87744,ok,1316725200,51232
336,0.87279,0.87279,0.87279,0.87279,ok,1316811600,12
337,0.87284,0.87624,0.87199,0.87279,ok,1316898000,1578
338,0.86932,0.87459,0.86513,0.87291,ok,1316984400,36790
339,0.86874,0.87173,0.86728,0.8693,ok,1317070800,30305
340,0.8694,0.87393,0.86708,0.86868,ok,1317157200,29441
341,0.87001,0.87255,0.86744,0.86942,ok,1317243600,32953
342,0.85849,0.87097,0.85781,0.86998,ok,1317330000,31591
343,0.85849,0.85849,0.85849,0.85849,ok,1317416400,12
344,0.85753,0.85849,0.85582,0.85849,ok,1317502800,896
345,0.85375,0.86336,0.85295,0.85759,ok,1317589200,39948
346,0.86177,0.86453,0.85329,0.85373,ok,1317675600,39966
347,0.86325,0.86482,0.85879,0.86174,ok,1317762000,44731
348,0.86985,0.87357,0.86202,0.86322,ok,1317848400,49037
349,0.85941,0.87038,0.85893,0.86989,ok,1317934800,36092
350,0.85941,0.85941,0.85941,0.85941,ok,1318021200,12
351,0.86013,0.86082,0.85797,0.85941,ok,1318107600,864
352,0.87068,0.87309,0.85988,0.86008,ok,1318194000,31576
353,0.87547,0.87643,0.8688,0.8707,ok,1318280400,25219
354,0.8755,0.87867,0.87345,0.87544,ok,1318366800,33392
355,0.87371,0.87803,0.87069,0.87552,ok,1318453200,28602
356,0.87695,0.87786,0.87208,0.87369,ok,1318539600,24533
357,0.87695,0.87695,0.87695,0.87695,ok,1318626000,12
358,0.87561,0.87695,0.87535,0.87695,ok,1318712400,442
359,0.87242,0.87962,0.87142,0.87565,ok,1318798800,25030
360,0.87513,0.87667,0.86896,0.8724,ok,1318885200,26858
361,0.87222,0.8787,0.87145,0.87508,ok,1318971600,28972
362,0.87255,0.87665,0.86883,0.87219,ok,1319058000,32291
363,0.87056,0.87321,0.86693,0.87248,ok,1319144400,24941
364,0.87056,0.87056,0.87056,0.87056,ok,1319230800,12
365,0.86836,0.87056,0.86783,0.87056,ok,1319317200,566
366,0.87066,0.87246,0.86735,0.86843,ok,1319403600,21888
367,0.86905,0.87243,0.86715,0.87063,ok,1319490000,23525
368,0.87042,0.87214,0.86735,0.86901,ok,1319576400,26862
369,0.88127,0.88302,0.86892,0.87045,ok,1319662800,29245
370,0.87694,0.88199,0.8769,0.88122,ok,1319749200,20200
371,0.87694,0.87694,0.87694,0.87694,ok,1319835600,12
372,0.87622,0.87702,0.87567,0.87694,ok,1319922000,259
373,0.86137,0.87836,0.85971,0.87626,ok,1320008400,31152
374,0.85911,0.86225,0.85478,0.86141,ok,1320094800,44544
375,0.86182,0.86411,0.85644,0.85909,ok,1320181200,34403
376,0.86161,0.86421,0.85625,0.8618,ok,1320267600,43754
377,0.85954,0.86519,0.85741,0.86163,ok,1320354000,27879
378,0.85954,0.85954,0.85954,0.85954,ok,1320440400,1
379,0.86013,0.86107,0.85742,0.85954,ok,1320526800,937
380,0.85792,0.86084,0.85582,0.86007,ok,1320616800,23744
381,0.85966,0.85989,0.85568,0.85802,ok,1320703200,21561
382,0.85102,0.85983,0.85002,0.85964,ok,1320789600,28846
383,0.85381,0.85573,0.84852,0.85099,ok,1320876000,27610
384,0.85537,0.85862,0.8528,0.85384,ok,1320962400,25061
385,0.85537,0.85537,0.85537,0.85537,ok,1321048800,1
386,0.85766,0.85794,0.85514,0.85521,ok,1321135200,641
387,0.85676,0.86017,0.85564,0.85762,ok,1321221600,21937
388,0.85568,0.85742,0.85181,0.85673,ok,1321308000,23891
389,0.85573,0.85839,0.85198,0.8558,ok,1321394400,26434
390,0.85423,0.85762,0.85358,0.85575,ok,1321480800,28493
391,0.85533,0.85857,0.85188,0.8542,ok,1321567200,27784
392,0.85533,0.85533,0.85533,0.85533,ok,1321653600,1
393,0.85518,0.85532,0.85443,0.85498,ok,1321740000,267
394,0.86233,0.86407,0.85497,0.85522,ok,1321826400,20511
395,0.86383,0.86643,0.86172,0.8623,ok,1321912800,17716
396,0.85932,0.86475,0.85881,0.86386,ok,1321999200,20263
397,0.86105,0.86189,0.85839,0.8593,ok,1322085600,17920
398,0.85667,0.86174,0.85449,0.86097,ok,1322172000,19137
399,0.85667,0.85667,0.85667,0.85667,ok,1322258400,1
400,0.85972,0.86076,0.85667,0.85695,ok,1322344800,1273
401,0.85867,0.86085,0.85686,0.85968,ok,1322431200,20961
402,0.85361,0.86094,0.85283,0.85863,ok,1322517600,22085
403,0.85609,0.859,0.85198,0.85363,ok,1322604000,33523
404,0.85788,0.85984,0.85574,0.85602,ok,1322690400,25551
405,0.85822,0.86149,0.85741,0.8579,ok,1322776800,18494
406,0.85822,0.85822,0.85822,0.85822,ok,1322863200,2
407,0.85887,0.85928,0.85626,0.85812,ok,1322949600,663
408,0.85616,0.86045,0.85564,0.8588,ok,1323036000,18931
409,0.85894,0.86028,0.85378,0.85613,ok,1323122400,21951
410,0.8536,0.86128,0.85103,0.85897,ok,1323208800,19414
411,0.85348,0.85518,0.84954,0.85364,ok,1323295200,24871
412,0.85374,0.85616,0.85149,0.85351,ok,1323381600,24914
413,0.85425,0.85469,0.853,0.8538,ok,1323554400,236
414,0.84608,0.85535,0.84517,0.8542,ok,1323640800,21955
415,0.84207,0.848,0.8402,0.84611,ok,1323727200,24447
416,0.83925,0.8424,0.83725,0.84213,ok,1323813600,19550
417,0.83885,0.84247,0.83724,0.83923,ok,1323900000,22383
418,0.83856,0.8413,0.83788,0.83881,ok,1323986400,17931
419,0.83855,0.83893,0.8379,0.83873,ok,1324159200,276
420,0.83845,0.8416,0.8378,0.83851,ok,1324245600,18733
421,0.83512,0.83889,0.83393,0.83847,ok,1324332000,15754
422,0.83214,0.83752,0.83022,0.83509,ok,1324418400,23989
423,0.83242,0.83469,0.83054,0.83216,ok,1324504800,15849
424,0.83662,0.83686,0.83182,0.83245,ok,1324591200,14289
425,0.83647,0.83647,0.83647,0.83647,ok,1324764000,1
426,0.83538,0.83679,0.83442,0.83538,ok,1324850400,6178
427,0.83397,0.83721,0.83315,0.83541,ok,1324936800,14036
428,0.837,0.83764,0.83312,0.83399,ok,1325023200,16972
429,0.84063,0.84211,0.83493,0.83698,ok,1325109600,20844
430,0.83298,0.84096,0.83243,0.84056,ok,1325196000,17792
431,0.83382,0.83406,0.83232,0.83347,ok,1325368800,330
432,0.83353,0.83588,0.83273,0.83386,ok,1325455200,5664
433,0.83379,0.83716,0.83289,0.83349,ok,1325541600,20702
434,0.82856,0.83468,0.8264,0.83382,ok,1325628000,14854
435,0.82524,0.82884,0.82488,0.82858,ok,1325714400,22573
436,0.82407,0.82654,0.82363,0.82522,ok,1325800800,16937
437,0.82291,0.8249,0.82251,0.82392,ok,1325973600,387
438,0.82567,0.82767,0.82209,0.82287,ok,1326060000,18502
439,0.82511,0.82872,0.82464,0.82569,ok,1326146400,13977
440,0.82892,0.82936,0.82395,0.82513,ok,1326232800,23182
441,0.83572,0.83736,0.82878,0.8289,ok,1326319200,19176
442,0.82722,0.8376,0.82611,0.83574,ok,1326405600,29275
443,0.82634,0.827,0.82586,0.82691,ok,1326578400,556
444,0.82646,0.82835,0.82544,0.82638,ok,1326664800,13542
445,0.83047,0.83208,0.82611,0.82651,ok,1326751200,15494
446,0.83308,0.83535,0.83032,0.8305,ok,1326837600,20432
447,0.83719,0.83725,0.83248,0.83297,ok,1326924000,16959
448,0.82983,0.83777,0.82979,0.83721,ok,1327010400,13604
449,0.82731,0.83024,0.82722,0.82958,ok,1327183200,629
450,0.83591,0.83732,0.82732,0.82735,ok,1327269600,16517
451,0.83414,0.83899,0.83118,0.83589,ok,1327356000,18091
452,0.83692,0.83854,0.83095,0.83412,ok,1327442400,20956
453,0.83536,0.83984,0.83483,0.83695,ok,1327528800,18401
454,0.84005,0.84055,0.83373,0.83533,ok,1327615200,20453
455,0.84005,0.84005,0.84005,0.84005,ok,1327701600,1
456,0.83979,0.84036,0.83899,0.8398,ok,1327788000,224
457,0.83645,0.84057,0.83505,0.83984,ok,1327874400,15212
458,0.83022,0.83845,0.82803,0.83647,ok,1327960800,17496
459,0.83107,0.83428,0.82813,0.83018,ok,1328047200,19090
460,0.83146,0.83313,0.82752,0.83109,ok,1328133600,17675
461,0.83153,0.83389,0.82895,0.83148,ok,1328220000,20922
462,0.82925,0.83072,0.82741,0.83053,ok,1328392800,1285
463,0.82972,0.83091,0.8264,0.82921,ok,1328479200,15295
464,0.83408,0.83526,0.82829,0.82974,ok,1328565600,16722
465,0.83822,0.83874,0.83301,0.83411,ok,1328652000,15986
466,0.83986,0.84013,0.83359,0.8382,ok,1328738400,22118
467,0.83713,0.8406,0.83504,0.83989,ok,1328824800,14951
468,0.8369,0.83751,0.83605,0.83713,ok,1328997600,263
469,0.83635,0.84014,0.83629,0.83694,ok,1329084000,15388
470,0.83688,0.83987,0.83561,0.83633,ok,1329170400,20560
471,0.83252,0.84006,0.83163,0.8369,ok,1329256800,19339
472,0.83099,0.83252,0.82768,0.8325,ok,1329343200,18380
473,0.82975,0.83364,0.82841,0.83101,ok,1329429600,13736
474,0.83114,0.83176,0.8302,0.8309,ok,1329602400,378
475,0.8354,0.83668,0.83066,0.83123,ok,1329688800,13198
476,0.83873,0.84023,0.834,0.83542,ok,1329775200,19134
477,0.84549,0.84591,0.8378,0.83869,ok,1329861600,18228
478,0.84921,0.84986,0.84527,0.84553,ok,1329948000,16207
479,0.84684,0.85053,0.84607,0.84919,ok,1330034400,15203
480,0.84684,0.84684,0.84684,0.84684,ok,1330120800,2
481,0.84731,0.84746,0.84592,0.84659,ok,1330207200,229
482,0.8466,0.84857,0.84402,0.84734,ok,1330293600,14274
483,0.84626,0.84897,0.84621,0.84662,ok,1330380000,15707
484,0.83726,0.84694,0.83649,0.84629,ok,1330466400,21513
485,0.83414,0.83828,0.83348,0.83729,ok,1330552800,16495
486,0.8332,0.83503,0.83136,0.83412,ok,1330639200,13425
487,0.8332,0.8332,0.8332,0.8332,ok,1330725600,1
488,0.83259,0.83305,0.83187,0.83239,ok,1330812000,303
489,0.83304,0.83528,0.83239,0.83253,ok,1330898400,13536
490,0.83426,0.83503,0.83186,0.83306,ok,1330984800,16127
491,0.83524,0.83623,0.83388,0.83424,ok,1331071200,13127
492,0.8384,0.83986,0.83427,0.83522,ok,1331157600,14000
493,0.83674,0.83933,0.83429,0.83837,ok,1331244000,15775
494,0.83615,0.83674,0.83599,0.83643,ok,1331416800,204
495,0.84095,0.84164,0.8351,0.8361,ok,1331499600,13820
496,0.83299,0.8423,0.83239,0.84093,ok,1331586000,16398
497,0.83129,0.83337,0.82943,0.83297,ok,1331672400,14191
498,0.83248,0.83501,0.83095,0.83131,ok,1331758800,16076
499,0.83105,0.83313,0.82931,0.83245,ok,1331845200,14145
500,0.83105,0.83105,0.83105,0.83105,ok,1331931600,1
501,0.83131,0.83216,0.83127,0.83134,ok,1332018000,92
502,0.83282,0.8343,0.8283,0.83136,ok,1332104400,10510
503,0.83355,0.83542,0.83149,0.83284,ok,1332190800,12641
504,0.83251,0.83708,0.83216,0.83353,ok,1332277200,12727
505,0.83428,0.83469,0.82992,0.83253,ok,1332363600,13462
506,0.83567,0.83653,0.83353,0.83426,ok,1332450000,14144
507,0.83567,0.83567,0.83567,0.83567,ok,1332536400,1
508,0.8353,0.83577,0.83511,0.8356,ok,1332622800,68
509,0.83638,0.83699,0.83361,0.83536,ok,1332709200,12163
510,0.83459,0.83708,0.83346,0.83636,ok,1332795600,13619
511,0.83808,0.8395,0.83444,0.83457,ok,1332882000,14465
512,0.83345,0.83849,0.83327,0.83806,ok,1332968400,17088
513,0.83218,0.83596,0.83218,0.83347,ok,1333054800,16655
514,0.83218,0.83218,0.83218,0.83218,ok,1333141200,1
515,0.83349,0.83361,0.83168,0.83168,ok,1333227600,473
516,0.83118,0.83494,0.82939,0.83345,ok,1333314000,12714
517,0.83155,0.83579,0.83085,0.83116,ok,1333400400,16993
518,0.82699,0.83247,0.82612,0.83157,ok,1333486800,19827
519,0.82531,0.82787,0.82373,0.82701,ok,1333573200,12050
520,0.82457,0.82559,0.82321,0.82529,ok,1333659600,8303
521,0.82413,0.82481,0.82385,0.82467,ok,1333832400,54
522,0.82455,0.82562,0.8229,0.82409,ok,1333918800,8467
523,0.82457,0.82763,0.82338,0.82458,ok,1334005200,14555
524,0.82406,0.8264,0.82336,0.82459,ok,1334091600,16569
525,0.82618,0.82693,0.82263,0.8241,ok,1334178000,15699
526,0.82468,0.82674,0.82284,0.8262,ok,1334264400,14230
527,0.82468,0.82468,0.82468,0.82468,ok,1334350800,2
528,0.82369,0.82503,0.82367,0.82436,ok,1334437200,224
529,0.82641,0.82688,0.82097,0.82365,ok,1334523600,13863
530,0.82418,0.82639,0.82298,0.82639,ok,1334610000,12886
531,0.81893,0.82447,0.81739,0.82416,ok,1334696400,16968
532,0.8183,0.81935,0.81613,0.81891,ok,1334782800,16937
533,0.81932,0.8204,0.81641,0.81832,ok,1334869200,14439
534,0.81932,0.81932,0.81932,0.81932,ok,1334955600,3
535,0.81726,0.81886,0.81726,0.81886,ok,1335042000,389
536,0.81548,0.81893,0.8148,0.8173,ok,1335128400,11636
537,0.81728,0.81862,0.8144,0.8155,ok,1335214800,10892
538,0.81767,0.8221,0.81639,0.81725,ok,1335301200,14553
539,0.81676,0.81848,0.81558,0.81769,ok,1335387600,10162
540,0.8145,0.81725,0.81334,0.81674,ok,1335474000,17966
541,0.8145,0.8145,0.8145,0.8145,ok,1335560400,1
542,0.81298,0.81432,0.81285,0.81385,ok,1335646800,292
543,0.81537,0.81593,0.81221,0.8129,ok,1335733200,9337
544,0.81592,0.81963,0.8148,0.81541,ok,1335819600,8425
545,0.81216,0.81618,0.81121,0.81594,ok,1335906000,11637
546,0.81289,0.81426,0.81024,0.81213,ok,1335992400,11603
547,0.80969,0.81381,0.80908,0.81291,ok,1336078800,12000
548,0.80969,0.80969,0.80969,0.80969,ok,1336165200,2
549,0.80593,0.80919,0.80528,0.80919,ok,1336251600,750
550,0.80602,0.80788,0.80346,0.80597,ok,1336338000,17602
551,0.80481,0.8072,0.80436,0.80604,ok,1336424400,13017
552,0.8016,0.80603,0.80143,0.80483,ok,1336510800,17839
553,0.80113,0.80449,0.80004,0.80162,ok,1336597200,12955
554,0.80328,0.80488,0.79959,0.80115,ok,1336683600,15405
555,0.80328,0.80328,0.80328,0.80328,ok,1336770000,1
556,0.8028,0.80447,0.80272,0.80437,ok,1336856400,223
557,0.79676,0.80291,0.79627,0.80284,ok,1336942800,11719
558,0.79582,0.80137,0.79525,0.79678,ok,1337029200,14031
559,0.79917,0.80072,0.79497,0.7958,ok,1337115600,19312
560,0.80377,0.80451,0.7987,0.79915,ok,1337202000,15922
561,0.80757,0.80791,0.80246,0.8038,ok,1337288400,15983
562,0.80657,0.80757,0.80657,0.80757,ok,1337374800,3
563,0.80743,0.80753,0.80465,0.80656,ok,1337461200,604
564,0.80934,0.8098,0.8062,0.80737,ok,1337547600,13674
565,0.80473,0.81014,0.80409,0.80931,ok,1337634000,13392
566,0.80176,0.80613,0.79972,0.80475,ok,1337720400,21513
567,0.79981,0.80269,0.79955,0.80179,ok,1337806800,19562
568,0.79876,0.80449,0.79792,0.79978,ok,1337893200,15362
569,0.80098,0.80115,0.79916,0.79916,ok,1338066000,664
570,0.79954,0.80367,0.79831,0.8009,ok,1338152400,9768
571,0.79914,0.80051,0.79811,0.7996,ok,1338238800,16044
572,0.79891,0.79994,0.79709,0.79917,ok,1338325200,17048
573,0.80252,0.80349,0.7988,0.79889,ok,1338411600,16456
574,0.80885,0.80916,0.80168,0.80254,ok,1338498000,21827
575,0.80885,0.80885,0.80885,0.80885,ok,1338584400,18
576,0.80815,0.80825,0.80709,0.80751,ok,1338670800,262
577,0.81246,0.81268,0.80667,0.80823,ok,1338757200,15504
578,0.80939,0.81404,0.80877,0.81243,ok,1338843600,15546
579,0.81179,0.81243,0.80502,0.80942,ok,1338930000,20259
580,0.80883,0.8131,0.80643,0.81177,ok,1339016400,21826
581,0.8086,0.80971,0.80706,0.80881,ok,1339102800,17738
582,0.8086,0.8086,0.8086,0.8086,ok,1339189200,17
583,0.81437,0.81574,0.80872,0.80902,ok,1339275600,1889
584,0.80597,0.81535,0.80527,0.81432,ok,1339362000,17751
585,0.80294,0.80791,0.80111,0.806,ok,1339448400,18192
586,0.8098,0.81061,0.80229,0.80292,ok,1339534800,16558
587,0.81165,0.812,0.80837,0.80976,ok,1339621200,17245
588,0.80394,0.81528,0.80373,0.81167,ok,1339707600,17178
589,0.80394,0.80394,0.80394,0.80394,ok,1339794000,17
590,0.80772,0.80844,0.80394,0.80394,ok,1339880400,1283
591,0.80255,0.811,0.80222,0.80776,ok,1339966800,19325
592,0.80655,0.80793,0.80241,0.80259,ok,1340053200,16105
593,0.8084,0.80946,0.80563,0.80653,ok,1340139600,19025
594,0.80417,0.80908,0.80404,0.80838,ok,1340226000,18390
595,0.806,0.80669,0.80234,0.8042,ok,1340312400,15458
596,0.806,0.806,0.806,0.806,ok,1340398800,21
597,0.80567,0.807,0.80539,0.8064,ok,1340485200,263
598,0.80281,0.80608,0.80193,0.80563,ok,1340571600,10079
599,0.79852,0.80382,0.79837,0.80279,ok,1340658000,14065
600,0.80084,0.80152,0.79849,0.79849,ok,1340744400,11294
601,0.80182,0.80288,0.79853,0.8008,ok,1340830800,15421
602,0.80586,0.80944,0.80095,0.80184,ok,1340917200,23716
603,0.80586,0.80586,0.80586,0.80586,ok,1341003600,20
604,0.8071,0.80728,0.80586,0.80586,ok,1341090000,376
605,0.80144,0.80769,0.80057,0.80715,ok,1341176400,14907
606,0.80352,0.80441,0.80116,0.80142,ok,1341262800,10470
607,0.80329,0.80532,0.80253,0.8035,ok,1341349200,9602
608,0.79808,0.80418,0.79646,0.80334,ok,1341435600,18274
609,0.79304,0.79836,0.79251,0.79806,ok,1341522000,13537
610,0.79304,0.79304,0.79304,0.79304,ok,1341608400,1
611,0.79202,0.7922,0.79035,0.791,ok,1341694800,438
612,0.79295,0.79478,0.79149,0.79207,ok,1341781200,10579
613,0.78929,0.79345,0.78918,0.79298,ok,1341867600,10573
614,0.78934,0.79035,0.78705,0.78932,ok,1341954000,12996
615,0.7909,0.79129,0.7881,0.78936,ok,1342040400,12314
616,0.78627,0.7913,0.78564,0.79087,ok,1342126800,12453
617,0.78627,0.78627,0.78627,0.78627,ok,1342213200,1
618,0.78734,0.78749,0.78627,0.78627,ok,1342299600,142
619,0.78481,0.7875,0.78314,0.7873,ok,1342386000,10071
620,0.78524,0.78749,0.78305,0.78483,ok,1342472400,11496
621,0.78455,0.78682,0.78295,0.78527,ok,1342558800,12070
622,0.78085,0.78545,0.77909,0.78457,ok,1342645200,17138
623,0.77805,0.78197,0.77703,0.78083,ok,1342731600,15049
624,0.77552,0.77805,0.77542,0.77805,ok,1342904400,1336
625,0.78133,0.78246,0.77555,0.77555,ok,1342990800,15036
626,0.77779,0.78198,0.7768,0.78135,ok,1343077200,17020
627,0.78422,0.78534,0.77753,0.77781,ok,1343163600,21067
628,0.78288,0.78594,0.78148,0.78418,ok,1343250000,21625
629,0.78213,0.7873,0.77995,0.7829,ok,1343336400,22758
630,0.78122,0.78392,0.78098,0.78213,ok,1343509200,754
631,0.78034,0.78275,0.77901,0.78125,ok,1343595600,14085
632,0.78469,0.78644,0.77992,0.78032,ok,1343682000,15007
633,0.78684,0.78936,0.78416,0.78472,ok,1343768400,16563
634,0.78498,0.7911,0.78237,0.78681,ok,1343854800,27130
635,0.79164,0.79227,0.78428,0.785,ok,1343941200,15551
636,0.79363,0.79421,0.79119,0.79164,ok,1344114000,329
637,0.79464,0.79625,0.79166,0.79367,ok,1344200400,11213
638,0.7936,0.79584,0.79238,0.79461,ok,1344286800,9865
639,0.78973,0.79471,0.78797,0.79358,ok,1344373200,11579
640,0.78683,0.79007,0.78558,0.78971,ok,1344459600,9996
641,0.78332,0.78768,0.78278,0.78686,ok,1344546000,10305
642,0.78332,0.78332,0.78332,0.78332,ok,1344632400,1
643,0.78357,0.78401,0.78281,0.78332,ok,1344718800,93
644,0.78618,0.78734,0.78277,0.78365,ok,1344805200,8374
645,0.78586,0.78832,0.78542,0.7862,ok,1344891600,8760
646,0.78351,0.78784,0.78227,0.78588,ok,1344978000,8459
647,0.78528,0.7859,0.78119,0.78349,ok,1345064400,10170
648,0.7857,0.78768,0.7836,0.78525,ok,1345150800,8851
649,0.78609,0.78629,0.7853,0.7857,ok,1345323600,129
650,0.78574,0.78709,0.78328,0.78609,ok,1345410000,7876
651,0.78996,0.79073,0.78549,0.78572,ok,1345496400,10447
652,0.78879,0.79092,0.78763,0.78993,ok,1345582800,11350
653,0.79199,0.79234,0.78833,0.78877,ok,1345669200,11468
654,0.79115,0.79327,0.78891,0.79201,ok,1345755600,10580
655,0.79059,0.79119,0.79048,0.79115,ok,1345928400,94
656,0.79127,0.79279,0.79013,0.79055,ok,1346014800,6625
657,0.79413,0.79545,0.7906,0.79125,ok,1346101200,10737
658,0.79133,0.79462,0.7905,0.79415,ok,1346187600,7601
659,0.79218,0.79353,0.79016,0.79131,ok,1346274000,9576
660,0.79274,0.79557,0.7916,0.7922,ok,1346360400,16185
661,0.79147,0.79239,0.7904,0.79239,ok,1346533200,321
662,0.79268,0.79332,0.79062,0.79154,ok,1346619600,7548
663,0.79163,0.79422,0.79019,0.79271,ok,1346706000,8717
664,0.79225,0.79292,0.78868,0.79166,ok,1346792400,13590
665,0.79262,0.79459,0.79061,0.79228,ok,1346878800,14784
666,0.80039,0.8006,0.79253,0.7926,ok,1346965200,12666
667,0.80039,0.80039,0.80039,0.80039,ok,1347051600,1
668,0.79927,0.80004,0.79905,0.80004,ok,1347138000,144
669,0.79784,0.80103,0.79765,0.79931,ok,1347224400,8957
670,0.79982,0.80058,0.7967,0.79782,ok,1347310800,11414
671,0.80081,0.80278,0.79692,0.79982,ok,1347397200,15588
672,0.80393,0.80434,0.79877,0.80079,ok,1347483600,16231
673,0.80916,0.81143,0.80368,0.80395,ok,1347570000,14064
674,0.80916,0.80916,0.80916,0.80916,ok,1347656400,1
675,0.80838,0.80885,0.80794,0.80881,ok,1347742800,168
676,0.80701,0.8101,0.80606,0.80834,ok,1347829200,11865
677,0.80308,0.80729,0.80212,0.80698,ok,1347915600,10304
678,0.80434,0.8058,0.80165,0.80306,ok,1348002000,11430
679,0.79965,0.80459,0.79871,0.80432,ok,1348088400,15068
680,0.7996,0.80077,0.79746,0.79962,ok,1348174800,13989
681,0.79891,0.79935,0.79812,0.79935,ok,1348347600,125
682,0.79715,0.79961,0.79541,0.79895,ok,1348434000,10648
683,0.79688,0.79851,0.7936,0.79717,ok,1348520400,13399
684,0.79624,0.79702,0.794,0.79686,ok,1348606800,12733
685,0.79526,0.79656,0.7923,0.79622,ok,1348693200,13058
686,0.79538,0.79939,0.79475,0.79528,ok,1348779600,17133
687,0.79538,0.79538,0.79538,0.79538,ok,1348866000,1
688,0.79537,0.79562,0.79478,0.79503,ok,1348952400,135
689,0.79886,0.80031,0.79419,0.79525,ok,1349038800,12919
690,0.80072,0.8017,0.79783,0.79888,ok,1349125200,11341
691,0.80269,0.80322,0.79956,0.8007,ok,1349211600,11658
692,0.80387,0.80511,0.80217,0.80271,ok,1349298000,12301
693,0.80771,0.808,0.803,0.80385,ok,1349384400,12287
694,0.80771,0.80771,0.80771,0.80771,ok,1349470800,2
695,0.80678,0.80736,0.80646,0.80736,ok,1349557200,156
696,0.80907,0.80949,0.8058,0.80687,ok,1349643600,10056
697,0.80502,0.80988,0.8042,0.80899,ok,1349730000,10913
698,0.80431,0.80617,0.80307,0.80505,ok,1349816400,10555
699,0.80559,0.8071,0.80223,0.80427,ok,1349902800,10421
700,0.80581,0.80869,0.80509,0.80555,ok,1349989200,10602
701,0.80533,0.80554,0.80478,0.80544,ok,1350162000,107
702,0.80562,0.80771,0.80397,0.80538,ok,1350248400,9600
703,0.81016,0.81027,0.80535,0.80558,ok,1350334800,11115
704,0.81235,0.81369,0.81012,0.81014,ok,1350421200,11003
705,0.81429,0.81459,0.81046,0.81233,ok,1350507600,10895
706,0.81353,0.81462,0.81214,0.81431,ok,1350594000,10453
707,0.81353,0.81353,0.81353,0.81353,ok,1350680400,1
708,0.81312,0.81339,0.81252,0.81318,ok,1350766800,147
709,0.8154,0.81641,0.81224,0.81316,ok,1350853200,9094
710,0.81398,0.81603,0.81241,0.81538,ok,1350939600,9815
711,0.80884,0.81474,0.80753,0.81396,ok,1351026000,12274
712,0.80234,0.80977,0.80186,0.80886,ok,1351112400,11304
713,0.80338,0.80402,0.80017,0.80232,ok,1351198800,11271
714,0.80324,0.80412,0.80297,0.80323,ok,1351371600,396
715,0.80474,0.80556,0.80229,0.80319,ok,1351458000,8539
716,0.80616,0.80719,0.80395,0.80479,ok,1351544400,6695
717,0.8034,0.80749,0.80287,0.80614,ok,1351630800,8940
718,0.80225,0.80408,0.80009,0.80342,ok,1351717200,8690
719,0.80098,0.80281,0.79958,0.80223,ok,1351803600,11351
720,0.80098,0.80098,0.80098,0.80098,ok,1351890000,2
721,0.80025,0.80102,0.80025,0.80061,ok,1351976400,171
722,0.80067,0.80116,0.79854,0.80029,ok,1352066400,9465
723,0.80091,0.802,0.79836,0.80069,ok,1352152800,10566
724,0.79883,0.80305,0.79712,0.80093,ok,1352239200,13093
725,0.79743,0.79939,0.79583,0.7988,ok,1352325600,12012
726,0.7994,0.79976,0.79665,0.79741,ok,1352412000,12350
727,0.79896,0.79907,0.79864,0.79869,ok,1352584800,90
728,0.80035,0.802,0.7988,0.79906,ok,1352671200,6803
729,0.80034,0.80072,0.79665,0.80038,ok,1352757600,11605
730,0.80386,0.80488,0.80002,0.80037,ok,1352844000,11530
731,0.80541,0.80641,0.80297,0.80388,ok,1352930400,9561
732,0.80217,0.80592,0.80091,0.80543,ok,1353016800,10005
733,0.80196,0.80223,0.80143,0.80159,ok,1353189600,93
734,0.80539,0.80553,0.80142,0.80201,ok,1353276000,8543
735,0.80465,0.80539,0.80263,0.80536,ok,1353362400,11271
736,0.80411,0.805,0.80057,0.80463,ok,1353448800,10719
737,0.80821,0.80849,0.80365,0.80407,ok,1353535200,9200
738,0.8091,0.81082,0.80742,0.80825,ok,1353621600,9496
739,0.8091,0.8091,0.8091,0.8091,ok,1353708000,1
740,0.80857,0.80911,0.80805,0.80853,ok,1353794400,128
741,0.80932,0.81089,0.80806,0.8085,ok,1353880800,8307
742,0.80773,0.81129,0.80593,0.8093,ok,1353967200,11719
743,0.8087,0.80883,0.80617,0.80776,ok,1354053600,9501
744,0.80908,0.81123,0.80811,0.80867,ok,1354140000,10244
745,0.81086,0.81319,0.80858,0.80906,ok,1354226400,12191
746,0.81086,0.81086,0.81086,0.81086,ok,1354312800,1
747,0.81086,0.81086,0.81086,0.81086,ok,1354399200,1
748,0.81108,0.81308,0.81024,0.81024,ok,1354485600,9173
749,0.81339,0.81383,0.81,0.81111,ok,1354572000,9910
750,0.81178,0.8147,0.81107,0.81334,ok,1354658400,9797
751,0.80789,0.81247,0.80654,0.81174,ok,1354744800,10534
752,0.8057,0.80813,0.80446,0.80791,ok,1354831200,11318
753,0.8057,0.8057,0.8057,0.8057,ok,1354917600,1
754,0.8057,0.8057,0.8057,0.8057,ok,1355004000,1
755,0.80491,0.80578,0.8035,0.80351,ok,1355090400,7280
756,0.80694,0.80766,0.80433,0.80489,ok,1355176800,7884
757,0.80946,0.81,0.80617,0.80702,ok,1355263200,9552
758,0.81156,0.812,0.8089,0.80942,ok,1355349600,12754
759,0.81361,0.81445,0.80973,0.81151,ok,1355436000,26893
760,0.81425,0.81511,0.81423,0.81511,ok,1355608800,447
761,0.8123,0.81532,0.8112,0.8143,ok,1355695200,25032
762,0.81383,0.81444,0.8115,0.81229,ok,1355781600,21957
763,0.814,0.81679,0.81267,0.81378,ok,1355868000,25731
764,0.81346,0.8161,0.81157,0.81399,ok,1355954400,28109
765,0.81513,0.81547,0.81145,0.81347,ok,1356040800,32500
766,0.81536,0.81566,0.81424,0.81478,ok,1356213600,439
767,0.81732,0.8184,0.81483,0.81531,ok,1356300000,16575
768,0.81933,0.8208,0.81732,0.81732,ok,1356472800,7810
769,0.82201,0.82238,0.81843,0.8193,ok,1356559200,26198
770,0.81739,0.82246,0.81665,0.822,ok,1356645600,25786
771,0.81668,0.81704,0.81642,0.81672,ok,1356818400,541
772,0.81245,0.81861,0.81031,0.81672,ok,1356904800,23428
773,0.8111,0.8151,0.81057,0.81231,ok,1357077600,46453
774,0.81001,0.81201,0.8085,0.81107,ok,1357164000,31619
775,0.81302,0.81431,0.80965,0.80996,ok,1357250400,35615
776,0.81334,0.81377,0.81327,0.8135,ok,1357423200,450
777,0.81381,0.81493,0.81045,0.81332,ok,1357509600,29338
778,0.81463,0.81609,0.81362,0.81381,ok,1357596000,30683
779,0.81523,0.81621,0.81333,0.81465,ok,1357682400,30012
780,0.82075,0.82116,0.81437,0.81525,ok,1357768800,35747
781,0.82692,0.82873,0.8203,0.82067,ok,1357855200,36305
782,0.82814,0.82818,0.82772,0.82781,ok,1358028000,518
783,0.83211,0.83254,0.82779,0.82816,ok,1358114400,34205
784,0.8281,0.83242,0.82643,0.83214,ok,1358200800,40862
785,0.83003,0.83181,0.82654,0.82811,ok,1358287200,39750
786,0.83612,0.83646,0.82994,0.83,ok,1358373600,40301
787,0.83922,0.83961,0.83547,0.83609,ok,1358460000,42701
788,0.8396,0.84016,0.83945,0.83969,ok,1358632800,667
789,0.84081,0.84202,0.83774,0.83958,ok,1358719200,27669
790,0.84093,0.84401,0.83634,0.84077,ok,1358805600,40023
791,0.84037,0.84195,0.83782,0.84094,ok,1358892000,34187
792,0.84695,0.84801,0.83905,0.84034,ok,1358978400,37539
793,0.85179,0.85358,0.84622,0.84691,ok,1359064800,42206
794,0.85179,0.85179,0.85179,0.85179,ok,1359151200,1
795,0.85412,0.8545,0.85274,0.853,ok,1359237600,797
796,0.85719,0.85859,0.85254,0.85405,ok,1359324000,36308
797,0.85583,0.85736,0.85273,0.85716,ok,1359410400,34706
798,0.85846,0.86059,0.85551,0.85582,ok,1359496800,37292
799,0.85609,0.85932,0.85534,0.85844,ok,1359583200,36182
800,0.86897,0.8716,0.85527,0.85605,ok,1359669600,49425
801,0.86968,0.87007,0.86891,0.86897,ok,1359842400,1003
802,0.85729,0.87006,0.85676,0.86961,ok,1359928800,36232
803,0.86732,0.86867,0.85536,0.85726,ok,1360015200,45431
804,0.86314,0.86808,0.86147,0.8673,ok,1360101600,41266
805,0.8524,0.86609,0.85151,0.86315,ok,1360188000,52577
806,0.84523,0.85334,0.8446,0.85239,ok,1360274400,43323
807,0.84523,0.84523,0.84523,0.84523,ok,1360360800,1
808,0.85593,0.85734,0.84557,0.84585,ok,1360533600,75339
809,0.85873,0.86304,0.85398,0.85593,ok,1360620000,87818
810,0.86542,0.86834,0.85705,0.85873,ok,1360706400,90952
811,0.86236,0.86656,0.85839,0.86539,ok,1360792800,84540
812,0.86068,0.86322,0.85736,0.86235,ok,1360879200,94092
813,0.86068,0.86068,0.86068,0.86068,ok,1360965600,1
814,0.863,0.86482,0.8603,0.86065,ok,1361138400,58272
815,0.86777,0.86843,0.85993,0.86298,ok,1361224800,71302
816,0.87169,0.87641,0.86707,0.86775,ok,1361311200,98799
817,0.86455,0.8758,0.8629,0.87169,ok,1361397600,105441
818,0.86978,0.86983,0.86042,0.86456,ok,1361484000,87848
819,0.86126,0.88148,0.86011,0.87631,ok,1361743200,150087
820,0.86347,0.86473,0.85751,0.86124,ok,1361829600,148210
821,0.86644,0.86782,0.86218,0.86344,ok,1361916000,118210
822,0.8609,0.86762,0.86009,0.86644,ok,1362002400,95048
823,0.86552,0.86842,0.8607,0.86092,ok,1362088800,115260
824,0.86552,0.86552,0.86552,0.86552,ok,1362175200,2
825,0.86163,0.86643,0.86128,0.86478,ok,1362348000,83073
826,0.86267,0.86337,0.85878,0.86166,ok,1362434400,86732
827,0.86331,0.86497,0.8618,0.86269,ok,1362520800,78216
828,0.87269,0.87318,0.86313,0.86328,ok,1362607200,124424
829,0.87087,0.87418,0.86755,0.87265,ok,1362693600,107862
830,0.87087,0.87087,0.87087,0.87087,ok,1362780000,1
831,0.87454,0.87471,0.86988,0.87003,ok,1362949200,67851
832,0.87433,0.87934,0.87181,0.8745,ok,1363035600,88722
833,0.86842,0.8746,0.86625,0.87434,ok,1363122000,97861
834,0.86211,0.86875,0.86112,0.8684,ok,1363208400,107545
835,0.86487,0.86583,0.86017,0.86209,ok,1363294800,106564
836,0.86487,0.86487,0.86487,0.86487,ok,1363381200,1
837,0.85762,0.85907,0.8528,0.85308,ok,1363554000,139045
838,0.85298,0.8586,0.85042,0.85752,ok,1363640400,138256
839,0.8564,0.86,0.85154,0.85302,ok,1363726800,149928
840,0.84991,0.85731,0.8489,0.85643,ok,1363813200,128670
841,0.85244,0.85448,0.84838,0.84986,ok,1363899600,80120
842,0.85244,0.85244,0.85244,0.85244,ok,1363986000,1
843,0.84672,0.85606,0.8457,0.84938,ok,1364158800,91001
844,0.84828,0.84978,0.84582,0.84674,ok,1364245200,68473
845,0.84448,0.8485,0.84361,0.84823,ok,1364331600,67173
846,0.84335,0.84754,0.84151,0.84451,ok,1364418000,68331
847,0.84288,0.8442,0.84235,0.84333,ok,1364504400,62802
848,0.84349,0.84446,0.84097,0.84257,ok,1364763600,36035
849,0.84863,0.84933,0.84234,0.84346,ok,1364850000,62902
850,0.84906,0.84941,0.84682,0.84866,ok,1364936400,61153
851,0.84889,0.85206,0.84344,0.84897,ok,1365022800,88056
852,0.8467,0.85147,0.8467,0.84885,ok,1365109200,81851
853,0.8467,0.8467,0.8467,0.8467,ok,1365195600,1
854,0.85253,0.8532,0.8462,0.84699,ok,1365368400,65396
855,0.85359,0.8559,0.85065,0.85255,ok,1365454800,67892
856,0.85216,0.85596,0.85183,0.85359,ok,1365541200,59635
857,0.85139,0.85349,0.85039,0.85206,ok,1365627600,62632
858,0.85419,0.85477,0.84894,0.85129,ok,1365714000,61810
859,0.85419,0.85419,0.85419,0.85419,ok,1365800400,1
860,0.85266,0.85484,0.85131,0.85432,ok,1365973200,76246
861,0.85754,0.86007,0.85225,0.85263,ok,1366059600,83277
862,0.85489,0.86363,0.85327,0.85751,ok,1366146000,84110
863,0.85398,0.85733,0.85289,0.8549,ok,1366232400,76873
864,0.85636,0.85817,0.8503,0.85399,ok,1366318800,69762
865,0.85434,0.85892,0.85412,0.85826,ok,1366578000,165530
866,0.85264,0.8568,0.85098,0.85435,ok,1366664400,72773
867,0.85232,0.85374,0.84961,0.8526,ok,1366750800,62393
868,0.84284,0.85322,0.8409,0.8523,ok,1366837200,77115
869,0.84139,0.84472,0.83973,0.84284,ok,1366923600,70394
870,0.8448,0.84574,0.84039,0.84218,ok,1367182800,60594
871,0.84743,0.84846,0.84245,0.84477,ok,1367269200,64655
872,0.84696,0.84968,0.84589,0.84737,ok,1367355600,57538
873,0.84073,0.84813,0.8404,0.84696,ok,1367442000,80364
874,0.84181,0.8448,0.84051,0.84073,ok,1367528400,70579
875,0.84103,0.84372,0.84002,0.84205,ok,1367787600,41992
876,0.84443,0.84663,0.84079,0.84101,ok,1367874000,52474
877,0.84652,0.84883,0.84414,0.84445,ok,1367960400,56750
878,0.84401,0.84731,0.84302,0.84652,ok,1368046800,68868
879,0.84516,0.84601,0.84302,0.84399,ok,1368133200,81135
880,0.84793,0.84924,0.84307,0.84408,ok,1368392400,66164
881,0.84935,0.85158,0.84729,0.84788,ok,1368478800,72835
882,0.84554,0.84991,0.84348,0.84937,ok,1368565200,78948
883,0.84334,0.84634,0.842,0.84557,ok,1368651600,74228
884,0.84599,0.84609,0.84245,0.84335,ok,1368738000,72287
885,0.84419,0.84693,0.844,0.8451,ok,1368997200,59725
886,0.85152,0.85199,0.84389,0.84418,ok,1369083600,73038
887,0.85432,0.85895,0.85143,0.85153,ok,1369170000,93992
888,0.85599,0.85702,0.85314,0.85428,ok,1369256400,93604
889,0.85459,0.85967,0.85347,0.8559,ok,1369342800,76349
890,0.85587,0.85719,0.85341,0.85408,ok,1369602000,35537
891,0.85457,0.8565,0.85416,0.85587,ok,1369688400,68532
892,0.85495,0.85943,0.8539,0.85455,ok,1369774800,78068
893,0.85641,0.85977,0.85444,0.8549,ok,1369861200,80867
894,0.85467,0.85772,0.85278,0.85649,ok,1369947600,83981
895,0.85326,0.85524,0.85003,0.85416,ok,1370206800,73453
896,0.85412,0.85576,0.85211,0.85326,ok,1370293200,66880
897,0.84964,0.85474,0.84907,0.85408,ok,1370379600,78256
898,0.84879,0.85202,0.84753,0.84963,ok,1370466000,94125
899,0.84916,0.85263,0.84802,0.84875,ok,1370552400,102510
900,0.85115,0.85172,0.84837,0.84965,ok,1370811600,70133
901,0.85069,0.85506,0.85003,0.85111,ok,1370898000,88311
902,0.85026,0.85128,0.84665,0.85066,ok,1370984400,71474
903,0.85047,0.85411,0.84754,0.85023,ok,1371070800,86967
904,0.8492,0.85344,0.84885,0.85045,ok,1371157200,68374
905,0.84984,0.8507,0.84743,0.84831,ok,1371416400,49217
906,0.85599,0.85841,0.84962,0.84984,ok,1371502800,64369
907,0.8585,0.85892,0.85402,0.85595,ok,1371589200,73461
908,0.85212,0.85899,0.85168,0.85851,ok,1371675600,99155
909,0.85037,0.85514,0.85034,0.85212,ok,1371762000,81219
910,0.84964,0.85418,0.8482,0.85111,ok,1372021200,81660
911,0.84773,0.85114,0.84713,0.84964,ok,1372107600,72680
912,0.84932,0.84981,0.84684,0.84774,ok,1372194000,69967
913,0.85422,0.85599,0.84869,0.8493,ok,1372280400,64852
914,0.85482,0.85897,0.85404,0.85424,ok,1372366800,66603
915,0.85823,0.85903,0.85471,0.85543,ok,1372626000,52067
916,0.85614,0.85933,0.8554,0.85823,ok,1372712400,55032
917,0.85091,0.85742,0.84815,0.85613,ok,1372798800,66965
918,0.85643,0.86315,0.85042,0.85083,ok,1372885200,75360
919,0.86132,0.86284,0.85607,0.8564,ok,1372971600,76212
920,0.86045,0.8627,0.86037,0.86098,ok,1373230800,49331
921,0.85952,0.86682,0.85851,0.86045,ok,1373317200,65220
922,0.86392,0.86507,0.85744,0.8595,ok,1373403600,74850
923,0.86215,0.8691,0.86099,0.86386,ok,1373490000,118734
924,0.86446,0.86535,0.86125,0.86217,ok,1373576400,62923
925,0.86501,0.8664,0.86303,0.86396,ok,1373835600,50868
926,0.86802,0.87066,0.86417,0.86498,ok,1373922000,62692
927,0.86253,0.87102,0.86142,0.86797,ok,1374008400,71539
928,0.86064,0.86454,0.85998,0.86251,ok,1374094800,55523
929,0.86043,0.86288,0.85889,0.86064,ok,1374181200,46855
930,0.85821,0.86114,0.85817,0.85971,ok,1374440400,44312
931,0.86004,0.86078,0.85814,0.8582,ok,1374526800,43516
932,0.8617,0.86282,0.8587,0.86008,ok,1374613200,52911
933,0.86259,0.86433,0.8584,0.86167,ok,1374699600,59543
934,0.86264,0.86372,0.86057,0.8625,ok,1374786000,46628
935,0.86452,0.86459,0.86207,0.86314,ok,1375045200,41183
936,0.87031,0.87057,0.86411,0.86454,ok,1375131600,44872
937,0.87448,0.87621,0.87005,0.87029,ok,1375218000,73618
938,0.8733,0.87685,0.86784,0.87446,ok,1375304400,71751
939,0.86791,0.87441,0.8676,0.87331,ok,1375390800,59457
940,0.86327,0.86958,0.86279,0.86825,ok,1375650000,49371
941,0.86666,0.86714,0.86135,0.86325,ok,1375736400,46636
942,0.86076,0.87279,0.8578,0.86663,ok,1375822800,70006
943,0.86092,0.86221,0.85925,0.86077,ok,1375909200,49470
944,0.86011,0.86178,0.85958,0.86093,ok,1375995600,37564
945,0.85995,0.86082,0.85797,0.85952,ok,1376254800,35771
946,0.85826,0.86092,0.85337,0.85995,ok,1376341200,48829
947,0.85502,0.85981,0.85275,0.85828,ok,1376427600,47927
948,0.85286,0.8568,0.8504,0.85502,ok,1376514000,65344
949,0.85235,0.85539,0.8523,0.85273,ok,1376600400,43683
950,0.85201,0.8538,0.85112,0.85315,ok,1376859600,41476
951,0.85613,0.85729,0.85167,0.85201,ok,1376946000,46249
952,0.85217,0.85768,0.85077,0.85613,ok,1377032400,54598
953,0.85663,0.85771,0.85183,0.85199,ok,1377118800,53754
954,0.85893,0.86026,0.85365,0.85663,ok,1377205200,46590
955,0.8582,0.85978,0.85764,0.85933,ok,1377464400,28791
956,0.86125,0.8623,0.85795,0.85817,ok,1377550800,44977
957,0.85902,0.86489,0.85712,0.86127,ok,1377637200,53103
958,0.85383,0.85924,0.85285,0.85902,ok,1377723600,48345
959,0.85239,0.85522,0.8518,0.85381,ok,1377810000,45810
960,0.84853,0.85191,0.84711,0.85045,ok,1378069200,42456
961,0.84639,0.84882,0.84409,0.84855,ok,1378155600,44908
962,0.84505,0.84659,0.8426,0.84637,ok,1378242000,39564
963,0.84145,0.84642,0.84072,0.84505,ok,1378328400,49959
964,0.84267,0.84343,0.83914,0.84141,ok,1378414800,47457
965,0.84432,0.84488,0.84097,0.84216,ok,1378674000,34808
966,0.84321,0.8453,0.84223,0.84435,ok,1378760400,33704
967,0.84133,0.84384,0.83807,0.84319,ok,1378846800,40921
968,0.84116,0.8425,0.83921,0.84132,ok,1378933200,41344
969,0.8369,0.84169,0.83559,0.84118,ok,1379019600,40252
970,0.83865,0.83908,0.83703,0.83761,ok,1379278800,38226
971,0.83978,0.84107,0.83759,0.83867,ok,1379365200,33712
972,0.83709,0.83985,0.8352,0.83979,ok,1379451600,59082
973,0.84381,0.84419,0.83669,0.83706,ok,1379538000,54758
974,0.84445,0.8459,0.84211,0.84376,ok,1379624400,40511
975,0.84096,0.84619,0.84025,0.84593,ok,1379883600,40295
976,0.84172,0.84483,0.84052,0.84052,ok,1379970000,38517
977,0.84103,0.84461,0.83961,0.84174,ok,1380056400,34892
978,0.84071,0.84284,0.8394,0.84103,ok,1380142800,33915
979,0.83755,0.84192,0.8359,0.84067,ok,1380229200,37155
980,0.83537,0.83877,0.8338,0.83557,ok,1380488400,44908
981,0.83498,0.83617,0.8332,0.83537,ok,1380574800,47296
982,0.83688,0.83813,0.83333,0.83495,ok,1380661200,44221
983,0.8427,0.84386,0.83648,0.83686,ok,1380747600,44314
984,0.84652,0.84752,0.84216,0.84265,ok,1380834000,42047
985,0.84356,0.84665,0.84279,0.84636,ok,1381093200,30423
986,0.84371,0.84678,0.84246,0.8436,ok,1381179600,33676
987,0.84747,0.84865,0.84288,0.84372,ok,1381266000,45697
988,0.84655,0.84922,0.84645,0.84751,ok,1381352400,36828
989,0.84851,0.8509,0.84607,0.84652,ok,1381438800,32547
990,0.84825,0.84951,0.8479,0.84888,ok,1381698000,25487
991,0.84523,0.84943,0.84446,0.8483,ok,1381784400,41238
992,0.84833,0.84889,0.84258,0.84523,ok,1381870800,45730
993,0.84589,0.84958,0.84486,0.84831,ok,1381957200,53165
994,0.84614,0.84691,0.84411,0.84588,ok,1382043600,34431
995,0.84707,0.84727,0.84503,0.84593,ok,1382302800,26543
996,0.84874,0.84984,0.84685,0.84703,ok,1382389200,34380
997,0.85226,0.85307,0.84831,0.84872,ok,1382475600,39974
998,0.85169,0.85544,0.8507,0.85222,ok,1382562000,41406
999,0.85358,0.85419,0.85035,0.85167,ok,1382648400,42141
1000,0.85387,0.85471,0.8519,0.85341,ok,1382907600,31769
1001,0.85656,0.85846,0.85372,0.85384,ok,1382994000,47477
1002,0.85622,0.85757,0.85565,0.85656,ok,1383080400,49461
1003,0.84665,0.85666,0.84603,0.85623,ok,1383166800,52021
1004,0.84644,0.84763,0.8444,0.84652,ok,1383253200,47732
1005,0.84615,0.84762,0.84505,0.84633,ok,1383516000,35365
1006,0.83958,0.84644,0.83911,0.84612,ok,1383602400,43035
1007,0.84017,0.84156,0.83778,0.83958,ok,1383688800,39842
1008,0.8335,0.84113,0.82998,0.84014,ok,1383775200,63111
1009,0.8344,0.83615,0.83223,0.83354,ok,1383861600,56846
1010,0.83838,0.83952,0.83386,0.8344,ok,1384120800,35186
1011,0.84462,0.84499,0.83767,0.83839,ok,1384207200,48807
1012,0.83976,0.84628,0.83757,0.84462,ok,1384293600,53660
1013,0.83756,0.84149,0.83607,0.83976,ok,1384380000,52829
1014,0.83706,0.8386,0.83574,0.83755,ok,1384466400,39620
1015,0.83819,0.83996,0.83607,0.83667,ok,1384725600,35487
1016,0.8397,0.84038,0.8377,0.8382,ok,1384812000,41386
1017,0.8342,0.84143,0.83247,0.83968,ok,1384898400,57119
1018,0.83203,0.83568,0.83191,0.83417,ok,1384984800,51272
1019,0.83522,0.8361,0.83157,0.83207,ok,1385071200,40043
1020,0.83664,0.83733,0.83405,0.8347,ok,1385330400,37941
1021,0.83679,0.83902,0.83591,0.83665,ok,1385416800,39894
1022,0.83363,0.83858,0.83298,0.83671,ok,1385503200,47355
1023,0.83235,0.83513,0.83122,0.83363,ok,1385589600,38775
1024,0.82987,0.83442,0.82966,0.83232,ok,1385676000,48646
1025,0.82774,0.83004,0.82515,0.82974,ok,1385935200,47912
1026,0.829,0.8293,0.82573,0.82775,ok,1386021600,41062
1027,0.82956,0.83164,0.8273,0.82898,ok,1386108000,54739
1028,0.83648,0.83791,0.82917,0.82957,ok,1386194400,59874
1029,0.83799,0.83885,0.83458,0.83647,ok,1386280800,50076
1030,0.83605,0.83947,0.83601,0.83872,ok,1386540000,31987
1031,0.83662,0.83906,0.835,0.83606,ok,1386626400,34122
1032,0.84174,0.8431,0.83624,0.83662,ok,1386712800,37420
1033,0.84099,0.84306,0.83899,0.84177,ok,1386799200,41718
1034,0.84284,0.84399,0.84063,0.84097,ok,1386885600,36412
1035,0.84423,0.84545,0.84092,0.84209,ok,1387144800,35794
1036,0.84638,0.84659,0.8431,0.84425,ok,1387231200,35638
1037,0.83463,0.84646,0.83425,0.84639,ok,1387317600,63005
1038,0.83428,0.83669,0.8334,0.83462,ok,1387404000,41281
1039,0.83636,0.83777,0.83277,0.83431,ok,1387490400,44249
1040,0.83706,0.83881,0.83542,0.8365,ok,1387749600,29883
1041,0.83562,0.83803,0.83434,0.8371,ok,1387836000,21609
1042,0.83392,0.83649,0.83288,0.83625,ok,1388008800,31949
1043,0.83361,0.83917,0.83335,0.83393,ok,1388095200,45362
1044,0.83587,0.83718,0.83283,0.83443,ok,1388354400,34471
1045,0.83222,0.83723,0.83087,0.83592,ok,1388440800,27840
1046,0.83073,0.83189,0.82696,0.82982,ok,1388613600,63457
1047,0.82743,0.83159,0.82739,0.83073,ok,1388700000,41966
1048,0.83047,0.83309,0.82787,0.82873,ok,1388959200,42988
1049,0.82999,0.83201,0.82915,0.8305,ok,1389045600,38225
1050,0.82525,0.8316,0.82412,0.82999,ok,1389132000,42845
1051,0.82553,0.82765,0.82299,0.82523,ok,1389218400,43963
1052,0.82894,0.83038,0.82515,0.82551,ok,1389304800,44306
1053,0.83433,0.83483,0.82838,0.82951,ok,1389564000,37521
1054,0.83191,0.83434,0.83069,0.83431,ok,1389650400,39358
1055,0.83093,0.83296,0.82857,0.83179,ok,1389736800,42218
1056,0.83274,0.83404,0.83066,0.83096,ok,1389823200,43096
1057,0.82416,0.83392,0.82332,0.83274,ok,1389909600,41532
1058,0.82483,0.82624,0.82321,0.82417,ok,1390168800,28361
1059,0.82281,0.82546,0.82138,0.82488,ok,1390255200,38353
1060,0.81722,0.82353,0.81677,0.82281,ok,1390341600,38453
1061,0.82309,0.82471,0.81706,0.81721,ok,1390428000,48056
1062,0.82963,0.83001,0.82093,0.82303,ok,1390514400,50455
1063,0.8242,0.83046,0.82367,0.82853,ok,1390773600,43499
1064,0.82434,0.82506,0.82222,0.82417,ok,1390860000,38592
1065,0.82469,0.82581,0.82194,0.82434,ok,1390946400,54080
1066,0.82214,0.82679,0.82144,0.82469,ok,1391032800,48514
1067,0.81987,0.82418,0.81875,0.82212,ok,1391119200,51644
1068,0.82946,0.83011,0.82008,0.82062,ok,1391378400,51028
1069,0.82793,0.83256,0.82652,0.82927,ok,1391464800,43179
1070,0.82964,0.83329,0.82655,0.82793,ok,1391551200,43934
1071,0.83255,0.83493,0.8279,0.82962,ok,1391637600,46251
1072,0.83043,0.833,0.82877,0.83252,ok,1391724000,44204
1073,0.83171,0.83256,0.82948,0.82994,ok,1391983200,29188
1074,0.8289,0.83362,0.82856,0.83174,ok,1392069600,39404
1075,0.81898,0.82989,0.81893,0.82883,ok,1392156000,43449
1076,0.82112,0.8226,0.81792,0.81892,ok,1392242400,42526
1077,0.81743,0.82265,0.81736,0.82101,ok,1392328800,33802
1078,0.81999,0.82081,0.8157,0.8173,ok,1392588000,31039
1079,0.82466,0.82493,0.81899,0.81996,ok,1392674400,39943
1080,0.82326,0.82606,0.82175,0.82455,ok,1392760800,34675
1081,0.82371,0.82526,0.82146,0.82315,ok,1392847200,40101
1082,0.82656,0.82663,0.82154,0.8236,ok,1392933600,38191
1083,0.82469,0.82857,0.82397,0.82558,ok,1393192800,35557
1084,0.82384,0.82559,0.82237,0.82439,ok,1393279200,37647
1085,0.82083,0.82511,0.8208,0.82392,ok,1393365600,36460
1086,0.82141,0.82226,0.81972,0.82089,ok,1393452000,36977
1087,0.82396,0.82672,0.81901,0.82137,ok,1393538400,48803
1088,0.824,0.82493,0.82228,0.82317,ok,1393797600,42301
1089,0.82455,0.82604,0.82273,0.82404,ok,1393884000,34999
1090,0.82117,0.82469,0.82034,0.82446,ok,1393970400,35996
1091,0.82783,0.82868,0.82057,0.8212,ok,1394056800,47843
1092,0.82994,0.83004,0.82734,0.82788,ok,1394143200,37258
1093,0.83356,0.83495,0.82889,0.829,ok,1394398800,30358
1094,0.83398,0.83462,0.83201,0.83358,ok,1394485200,29271
1095,0.83659,0.83735,0.83244,0.83393,ok,1394571600,34117
1096,0.83426,0.83776,0.83297,0.83634,ok,1394658000,46119
1097,0.83534,0.83797,0.83348,0.83422,ok,1394744400,42214
1098,0.83671,0.83761,0.83409,0.83535,ok,1395003600,28382
1099,0.83968,0.83991,0.83609,0.83669,ok,1395090000,35714
1100,0.83619,0.83993,0.8355,0.83979,ok,1395176400,46464
1101,0.83481,0.83682,0.83283,0.836,ok,1395262800,38242
1102,0.83627,0.83706,0.83427,0.83473,ok,1395349200,30323
1103,0.83876,0.83904,0.83437,0.83807,ok,1395608400,34803
1104,0.83631,0.83928,0.83339,0.83853,ok,1395694800,41890
1105,0.831,0.83642,0.831,0.83635,ok,1395781200,36063
1106,0.82712,0.83213,0.82622,0.83113,ok,1395867600,40157
1107,0.82629,0.82814,0.8245,0.82695,ok,1395954000,34472
1108,0.82622,0.82971,0.82463,0.82604,ok,1396213200,39864
1109,0.82929,0.83062,0.82571,0.82629,ok,1396299600,32400
1110,0.82793,0.83086,0.82705,0.82927,ok,1396386000,28864
1111,0.82651,0.83135,0.82599,0.82783,ok,1396472400,42657
1112,0.82636,0.82769,0.82493,0.82647,ok,1396558800,36260
1113,0.82743,0.82844,0.82584,0.826,ok,1396818000,25157
1114,0.82367,0.82751,0.82322,0.82726,ok,1396904400,32498
1115,0.82493,0.82554,0.82303,0.8236,ok,1396990800,33504
1116,0.82722,0.82789,0.82401,0.8248,ok,1397077200,32805
1117,0.82967,0.83094,0.82666,0.82724,ok,1397163600,30206
1118,0.82607,0.8283,0.8252,0.82763,ok,1397422800,30281
1119,0.82556,0.82786,0.82449,0.82613,ok,1397509200,31786
1120,0.82235,0.82674,0.82195,0.82555,ok,1397595600,34390
1121,0.82232,0.82461,0.8214,0.82211,ok,1397682000,27733
1122,0.82261,0.82376,0.82185,0.82247,ok,1397768400,21550
1123,0.82126,0.82297,0.82089,0.82217,ok,1398027600,15019
1124,0.82041,0.82162,0.81973,0.82128,ok,1398114000,25731
1125,0.82324,0.82456,0.82009,0.82045,ok,1398200400,32256
1126,0.82308,0.82442,0.82197,0.8232,ok,1398286800,28212
1127,0.82312,0.82411,0.82182,0.82301,ok,1398373200,23070
1128,0.82406,0.8243,0.82169,0.82362,ok,1398632400,29356
1129,0.82074,0.82584,0.82004,0.82398,ok,1398718800,31387
1130,0.82183,0.82341,0.81914,0.82066,ok,1398805200,40361
1131,0.82094,0.82276,0.82018,0.82179,ok,1398891600,22593
1132,0.82179,0.82242,0.81994,0.82087,ok,1398978000,32377
1133,0.82251,0.82321,0.82137,0.82197,ok,1399237200,17925
1134,0.8204,0.82257,0.81937,0.82253,ok,1399323600,29764
1135,0.82043,0.82132,0.81923,0.82032,ok,1399410000,25279
1136,0.81725,0.82481,0.8168,0.82042,ok,1399496400,40365
1137,0.81629,0.81824,0.81595,0.81724,ok,1399582800,31606
1138,0.81557,0.81675,0.81429,0.81628,ok,1399842000,22304
1139,0.81432,0.81732,0.81344,0.81552,ok,1399928400,30340
1140,0.81778,0.81822,0.81257,0.81433,ok,1400014800,32491
1141,0.81637,0.81823,0.81439,0.81767,ok,1400101200,36825
1142,0.81403,0.81709,0.81377,0.8165,ok,1400187600,25364
1143,0.81521,0.81577,0.81387,0.8142,ok,1400446800,24780
1144,0.81354,0.81558,0.81132,0.81494,ok,1400533200,24760
1145,0.80975,0.81444,0.80848,0.8133,ok,1400619600,31954
1146,0.80934,0.81106,0.80814,0.80953,ok,1400706000,28024
1147,0.80918,0.81037,0.80812,0.80926,ok,1400792400,27466
1148,0.80988,0.81047,0.80822,0.80882,ok,1401051600,17999
1149,0.81089,0.81167,0.80854,0.80985,ok,1401138000,25242
1150,0.8131,0.81425,0.81047,0.81087,ok,1401224400,28992
1151,0.81348,0.81521,0.8128,0.81312,ok,1401310800,24832
1152,0.81297,0.81387,0.81195,0.81355,ok,1401397200,25534
1153,0.81175,0.81425,0.81146,0.81285,ok,1401656400,26473
1154,0.8135,0.81478,0.81023,0.81157,ok,1401742800,24354
1155,0.81234,0.81492,0.8119,0.81337,ok,1401829200,25652
1156,0.81205,0.81345,0.80636,0.81235,ok,1401915600,42369
1157,0.8114,0.81289,0.80992,0.81228,ok,1402002000,27239
1158,0.80891,0.81218,0.80876,0.81163,ok,1402261200,18345
1159,0.80829,0.80939,0.80633,0.80898,ok,1402347600,23958
1160,0.80577,0.80852,0.80518,0.80803,ok,1402434000,24542
1161,0.80038,0.8064,0.8002,0.80582,ok,1402520400,32949
1162,0.7977,0.80062,0.79719,0.80049,ok,1402606800,34191
1163,0.79917,0.79939,0.79588,0.7974,ok,1402866000,23246
1164,0.79839,0.80084,0.79806,0.79919,ok,1402952400,23963
1165,0.79979,0.80159,0.79674,0.79838,ok,1403038800,33791
1166,0.79837,0.80244,0.79823,0.7999,ok,1403125200,27296
1167,0.79896,0.7996,0.79684,0.79823,ok,1403211600,21835
1168,0.79882,0.7997,0.79764,0.79817,ok,1403470800,20163
1169,0.80098,0.80242,0.79835,0.79879,ok,1403557200,25598
1170,0.80234,0.80331,0.80066,0.80094,ok,1403643600,24031
1171,0.79909,0.80311,0.79824,0.80223,ok,1403730000,34559
1172,0.8005,0.80177,0.79891,0.79891,ok,1403816400,22652
1173,0.8003,0.80269,0.79978,0.80044,ok,1404075600,23213
1174,0.79745,0.80073,0.79723,0.80028,ok,1404162000,21304
1175,0.79558,0.79795,0.795,0.79745,ok,1404248400,19859
1176,0.79322,0.79721,0.79303,0.79547,ok,1404334800,26703
1177,0.79196,0.7934,0.79181,0.79328,ok,1404421200,14855
1178,0.79416,0.79464,0.79138,0.79167,ok,1404680400,17794
1179,0.79441,0.7959,0.79258,0.79395,ok,1404766800,17825
1180,0.79497,0.79623,0.79405,0.79405,ok,1404853200,20035
1181,0.79426,0.79679,0.79334,0.79495,ok,1404939600,20834
1182,0.79461,0.79564,0.79363,0.79421,ok,1405026000,17189
1183,0.79699,0.798,0.79377,0.79399,ok,1405285200,17982
1184,0.79128,0.798,0.79103,0.7971,ok,1405371600,25770
1185,0.78912,0.79176,0.78896,0.79135,ok,1405458000,20361
1186,0.79079,0.79139,0.78882,0.78893,ok,1405544400,19566
1187,0.7909,0.79328,0.79033,0.79069,ok,1405630800,23378
1188,0.79189,0.79281,0.79098,0.7913,ok,1405890000,17675
1189,0.78894,0.79221,0.78891,0.79176,ok,1405976400,22703
1190,0.78966,0.791,0.78734,0.78874,ok,1406062800,21502
1191,0.79238,0.79386,0.78877,0.78963,ok,1406149200,23879
1192,0.79056,0.79331,0.79049,0.79236,ok,1406235600,19735
1193,0.79111,0.79171,0.79039,0.79077,ok,1406494800,14206
1194,0.79118,0.7926,0.79065,0.79082,ok,1406581200,19402
1195,0.79187,0.79206,0.79087,0.79128,ok,1406667600,26129
1196,0.79281,0.79415,0.79137,0.79155,ok,1406754000,23066
1197,0.79821,0.79842,0.79247,0.7925,ok,1406840400,31018
1198,0.79574,0.7983,0.79574,0.7973,ok,1407099600,18338
1199,0.79197,0.79639,0.7918,0.79584,ok,1407186000,23257
1200,0.79384,0.79435,0.79153,0.79203,ok,1407272400,25596
1201,0.79371,0.79556,0.79235,0.79336,ok,1407358800,28117
1202,0.79916,0.79969,0.79342,0.79366,ok,1407445200,30003
1203,0.79714,0.79927,0.79702,0.79876,ok,1407704400,16819
1204,0.79504,0.79794,0.79441,0.79687,ok,1407790800,20923
1205,0.80056,0.80194,0.79172,0.79483,ok,1407877200,28145
1206,0.80072,0.80355,0.79992,0.80041,ok,1407963600,23179
1207,0.80215,0.80324,0.80042,0.80064,ok,1408050000,23551
1208,0.79864,0.80129,0.79832,0.80003,ok,1408309200,5016
1209,0.80137,0.80269,0.79818,0.79866,ok,1408395600,7157
1210,0.79879,0.80162,0.79679,0.80147,ok,1408482000,9079
1211,0.80079,0.8011,0.79859,0.79883,ok,1408568400,7761
1212,0.79875,0.80156,0.79785,0.80089,ok,1408654800,8112
1213,0.79551,0.79782,0.79513,0.79687,ok,1408914000,6234
1214,0.79588,0.79671,0.79544,0.79561,ok,1409000400,7161
1215,0.7957,0.79639,0.79381,0.79598,ok,1409086800,7625
1216,0.79455,0.79663,0.79376,0.79574,ok,1409173200,7946
1217,0.79086,0.79575,0.7905,0.79436,ok,1409259600,7837
1218,0.79028,0.79167,0.78885,0.79091,ok,1409518800,4879
1219,0.79725,0.79748,0.79016,0.79024,ok,1409605200,7808
1220,0.79867,0.79953,0.79635,0.79701,ok,1409691600,9263
1221,0.79232,0.79927,0.79022,0.79877,ok,1409778000,15207
1222,0.79307,0.79547,0.792,0.79252,ok,1409864400,11528
1223,0.80056,0.80365,0.79776,0.80106,ok,1410123600,12886
1224,0.80309,0.80365,0.79754,0.8003,ok,1410210000,13395
1225,0.79653,0.80651,0.79528,0.80323,ok,1410296400,18388
1226,0.79487,0.79777,0.79394,0.79657,ok,1410382800,14644
1227,0.79665,0.79812,0.79392,0.79559,ok,1410469200,14360
1228,0.797,0.79835,0.79445,0.79668,ok,1410728400,9830
1229,0.79606,0.80089,0.79565,0.79703,ok,1410814800,15735
1230,0.79017,0.79689,0.78998,0.79636,ok,1410901200,22060
1231,0.7877,0.79136,0.78527,0.79004,ok,1410987600,23074
1232,0.78741,0.78805,0.78085,0.78778,ok,1411074000,38989
1233,0.78513,0.78741,0.78436,0.78663,ok,1411333200,11341
1234,0.78374,0.78883,0.78368,0.78523,ok,1411419600,12413
1235,0.78193,0.78505,0.78118,0.78359,ok,1411506000,11023
1236,0.78123,0.7829,0.77844,0.78174,ok,1411592400,16368
1237,0.78025,0.78223,0.77988,0.78125,ok,1411678800,11579
1238,0.7808,0.7828,0.77984,0.78067,ok,1411938000,12578
1239,0.77888,0.78169,0.77657,0.78092,ok,1412024400,17108
1240,0.77973,0.77987,0.77667,0.77882,ok,1412110800,14705
1241,0.78447,0.78576,0.77896,0.7796,ok,1412197200,20730
1242,0.78338,0.78602,0.78192,0.78452,ok,1412283600,17612
1243,0.78655,0.78729,0.78274,0.78371,ok,1412542800,12433
1244,0.78687,0.78732,0.78361,0.78656,ok,1412629200,17879
1245,0.78742,0.78994,0.78585,0.78692,ok,1412715600,18991
1246,0.78723,0.78944,0.78545,0.78736,ok,1412802000,19173
1247,0.78523,0.78941,0.78496,0.78701,ok,1412888400,13764
1248,0.79263,0.79317,0.78514,0.78558,ok,1413147600,14321
1249,0.79571,0.79607,0.79052,0.79246,ok,1413234000,17656
1250,0.80117,0.80459,0.79355,0.7958,ok,1413320400,33174
1251,0.79586,0.80272,0.79461,0.80127,ok,1413406800,31709
1252,0.79266,0.79807,0.79244,0.79591,ok,1413493200,18694
1253,0.79168,0.793,0.79031,0.79126,ok,1413752400,13341
1254,0.78888,0.79413,0.7877,0.79138,ok,1413838800,15528
1255,0.78787,0.79249,0.7872,0.78875,ok,1413925200,16132
1256,0.78865,0.79165,0.78691,0.7878,ok,1414011600,15741
1257,0.78731,0.79003,0.78705,0.78864,ok,1414098000,13905
1258,0.78753,0.78935,0.78614,0.78782,ok,1414357200,10923
1259,0.78916,0.79002,0.78712,0.78772,ok,1414443600,11722
1260,0.78865,0.791,0.78865,0.78916,ok,1414530000,14465
1261,0.78803,0.79036,0.78597,0.78898,ok,1414616400,17364
1262,0.78269,0.78839,0.78228,0.78791,ok,1414702800,20524
1263,0.78138,0.78354,0.77953,0.78294,ok,1414965600,37572
1264,0.78393,0.78532,0.78103,0.78143,ok,1415052000,27347
1265,0.7814,0.78633,0.78079,0.78365,ok,1415138400,32308
1266,0.78133,0.78634,0.77984,0.78119,ok,1415224800,47256
1267,0.78438,0.7857,0.78116,0.78124,ok,1415311200,36273
1268,0.7837,0.78618,0.78279,0.78475,ok,1415570400,24795
1269,0.78334,0.78473,0.78209,0.78373,ok,1415656800,11896
1270,0.78809,0.7889,0.78013,0.78323,ok,1415743200,16304
1271,0.79379,0.79459,0.78795,0.78798,ok,1415829600,10293
1272,0.79906,0.79993,0.7934,0.79392,ok,1415916000,17076
1273,0.79576,0.8002,0.79543,0.79867,ok,1416175200,14387
1274,0.80168,0.80201,0.79539,0.79581,ok,1416261600,13279
1275,0.80032,0.80378,0.79883,0.80178,ok,1416348000,17646
1276,0.79885,0.80266,0.79729,0.8003,ok,1416434400,18350
1277,0.79087,0.80019,0.79057,0.79896,ok,1416520800,18836
1278,0.79198,0.79342,0.7902,0.79052,ok,1416780000,13127
1279,0.79392,0.79428,0.79167,0.7918,ok,1416866400,13104
1280,0.79176,0.79492,0.78966,0.79408,ok,1416952800,13863
1281,0.79209,0.79419,0.79059,0.79167,ok,1417039200,16367
1282,0.7954,0.79699,0.79126,0.79208,ok,1417125600,16462
1283,0.79268,0.79761,0.79216,0.79566,ok,1417384800,16494
1284,0.79176,0.79405,0.79097,0.79257,ok,1417471200,11742
1285,0.78476,0.79199,0.7832,0.79158,ok,1417557600,13263
1286,0.78974,0.79214,0.78388,0.78474,ok,1417644000,20880
1287,0.788,0.79229,0.78495,0.78961,ok,1417730400,18259
1288,0.78681,0.79009,0.78441,0.78794,ok,1417989600,13821
1289,0.7895,0.79295,0.78609,0.78617,ok,1418076000,20330
1290,0.79197,0.79221,0.78843,0.78955,ok,1418162400,15309
1291,0.78872,0.79536,0.78776,0.79191,ok,1418248800,21470
1292,0.7925,0.79394,0.78732,0.78844,ok,1418335200,20164
1293,0.79509,0.79715,0.79068,0.7927,ok,1418594400,19768
1294,0.79406,0.80045,0.79343,0.79491,ok,1418680800,29232
1295,0.79217,0.79534,0.79082,0.79408,ok,1418767200,36977
1296,0.78382,0.79249,0.78355,0.79222,ok,1418853600,22934
1297,0.78192,0.78578,0.78122,0.78379,ok,1418940000,18311
1298,0.78423,0.7859,0.78154,0.78155,ok,1419199200,11202
1299,0.78402,0.78672,0.78371,0.78386,ok,1419285600,15100
1300,0.78352,0.78652,0.78328,0.78399,ok,1419372000,11139
1301,0.78227,0.78537,0.78197,0.78473,ok,1419544800,24486
1302,0.78284,0.78524,0.78184,0.78232,ok,1419804000,14364
1303,0.78086,0.78436,0.78085,0.78289,ok,1419890400,11828
1304,0.77673,0.7816,0.77591,0.78085,ok,1419976800,6666
1305,0.78276,0.78324,0.77444,0.77654,ok,1420149600,15503
1306,0.78216,0.78472,0.78001,0.78062,ok,1420408800,19116
1307,0.78448,0.78739,0.78193,0.78196,ok,1420495200,18600
1308,0.7832,0.78533,0.78129,0.78448,ok,1420581600,24596
1309,0.78123,0.78556,0.78047,0.78322,ok,1420668000,16847
1310,0.78073,0.78241,0.77822,0.78122,ok,1420754400,22606
1311,0.77962,0.78301,0.77855,0.78034,ok,1421013600,15739
1312,0.77631,0.78293,0.7756,0.77974,ok,1421100000,18942
1313,0.77352,0.7781,0.7732,0.77636,ok,1421186400,22051
1314,0.76548,0.77456,0.76231,0.77365,ok,1421272800,96123
1315,0.76258,0.76718,0.75946,0.76544,ok,1421359200,46081
1316,0.76762,0.76835,0.7629,0.76315,ok,1421618400,25525
1317,0.76221,0.76919,0.76125,0.7676,ok,1421704800,20829
1318,0.76641,0.77134,0.76172,0.76239,ok,1421791200,31313
1319,0.75694,0.76766,0.75523,0.76646,ok,1421877600,51724
1320,0.74703,0.75819,0.74271,0.75684,ok,1421964000,49754
1321,0.74489,0.75049,0.74039,0.74269,ok,1422223200,38787
1322,0.74864,0.75107,0.74342,0.74507,ok,1422309600,35433
1323,0.74506,0.74958,0.74444,0.74864,ok,1422396000,35342
1324,0.75104,0.75269,0.74416,0.74513,ok,1422482400,26791
1325,0.74863,0.7536,0.74786,0.75087,ok,1422568800,30694
1326,0.75373,0.75636,0.7486,0.74885,ok,1422828000,26145
1327,0.7566,0.75913,0.75245,0.75347,ok,1422914400,33770
1328,0.74655,0.75739,0.74563,0.75624,ok,1423000800,32170
1329,0.74835,0.75097,0.74489,0.74706,ok,1423087200,32875
1330,0.74164,0.7489,0.74144,0.74845,ok,1423173600,26399
1331,0.7438,0.74584,0.74123,0.74158,ok,1423432800,20604
1332,0.74182,0.74449,0.74082,0.74385,ok,1423519200,20355
1333,0.7435,0.74464,0.73841,0.74162,ok,1423605600,21491
1334,0.74097,0.74543,0.73711,0.74332,ok,1423692000,32947
1335,0.7391,0.74329,0.73892,0.74071,ok,1423778400,21662
1336,0.73844,0.74269,0.73771,0.73841,ok,1424037600,26665
1337,0.74295,0.74431,0.73742,0.73839,ok,1424124000,21667
1338,0.73809,0.74353,0.73474,0.74309,ok,1424210400,23204
1339,0.73721,0.74089,0.73561,0.73807,ok,1424296800,21941
1340,0.73859,0.7428,0.73392,0.73729,ok,1424383200,34571
1341,0.73308,0.74048,0.73248,0.73976,ok,1424642400,18552
1342,0.73336,0.73483,0.7316,0.73317,ok,1424728800,22578
1343,0.73127,0.73436,0.73127,0.73346,ok,1424815200,16808
1344,0.72664,0.73258,0.72605,0.73143,ok,1424901600,22325
1345,0.72487,0.72971,0.72456,0.72671,ok,1424988000,22806
1346,0.72764,0.73006,0.72385,0.72456,ok,1425247200,15856
1347,0.72721,0.72881,0.72578,0.72755,ok,1425333600,13793
1348,0.72548,0.72802,0.72355,0.72726,ok,1425420000,17738
1349,0.7233,0.72855,0.72188,0.72553,ok,1425506400,22332
1350,0.72037,0.72381,0.71771,0.72325,ok,1425592800,26077
1351,0.71708,0.72189,0.71692,0.7201,ok,1425848400,17094
1352,0.70955,0.71793,0.70907,0.71713,ok,1425934800,25055
1353,0.70611,0.7105,0.70135,0.70935,ok,1426021200,31574
1354,0.71441,0.71459,0.70338,0.70567,ok,1426107600,33989
1355,0.71132,0.7171,0.7103,0.71444,ok,1426194000,28745
1356,0.71226,0.71643,0.70954,0.70973,ok,1426453200,24103
1357,0.71828,0.72157,0.71186,0.71231,ok,1426539600,20957
1358,0.72493,0.72906,0.71699,0.7177,ok,1426626000,49641
1359,0.72215,0.72747,0.71532,0.72497,ok,1426712400,52308
1360,0.72349,0.72648,0.72165,0.72191,ok,1426798800,33008
1361,0.7319,0.73307,0.72269,0.72356,ok,1427058000,41297
1362,0.7355,0.73708,0.73022,0.73188,ok,1427144400,32770
1363,0.73704,0.73842,0.73427,0.73535,ok,1427230800,24733
1364,0.73278,0.73836,0.73199,0.73701,ok,1427317200,30575
1365,0.73173,0.73411,0.7265,0.7325,ok,1427403600,32727
1366,0.73139,0.73384,0.72921,0.73101,ok,1427662800,25939
1367,0.72412,0.73216,0.72216,0.73137,ok,1427749200,25742
1368,0.72596,0.72977,0.723,0.72401,ok,1427835600,27617
1369,0.73363,0.73499,0.72526,0.72537,ok,1427922000,23423
1370,0.73516,0.73788,0.73246,0.73358,ok,1428008400,26564
1371,0.73373,0.73777,0.73334,0.73598,ok,1428267600,15922
1372,0.73011,0.73499,0.72839,0.73372,ok,1428354000,22599
1373,0.72494,0.73137,0.72269,0.73016,ok,1428440400,26077
1374,0.72439,0.7277,0.72337,0.7248,ok,1428526800,21326
1375,0.7241,0.7259,0.72232,0.72421,ok,1428613200,22161
1376,0.71996,0.72692,0.71969,0.72369,ok,1428872400,22865
1377,0.7207,0.72348,0.71807,0.71991,ok,1428958800,26380
1378,0.71967,0.7216,0.71658,0.72042,ok,1429045200,31313
1379,0.72047,0.72299,0.71628,0.71961,ok,1429131600,34705
1380,0.72167,0.72286,0.7168,0.72045,ok,1429218000,33041
1381,0.72015,0.72313,0.71848,0.72287,ok,1429477200,21476
1382,0.7191,0.721,0.71694,0.71996,ok,1429563600,19998
1383,0.71311,0.72054,0.71215,0.71866,ok,1429650000,23925
1384,0.71873,0.71974,0.71165,0.71312,ok,1429736400,24788
1385,0.71551,0.72115,0.71442,0.71832,ok,1429822800,27616
1386,0.71455,0.71707,0.71402,0.71558,ok,1430082000,19169
1387,0.71582,0.7171,0.71299,0.71452,ok,1430168400,24421
1388,0.72068,0.72235,0.71361,0.71559,ok,1430254800,36107
1389,0.73086,0.73341,0.71869,0.7205,ok,1430341200,35701
1390,0.73917,0.7418,0.72999,0.7307,ok,1430427600,28741
1391,0.73712,0.73963,0.73508,0.73838,ok,1430686800,26201
1392,0.73666,0.73826,0.73145,0.73676,ok,1430773200,24738
1393,0.74419,0.74489,0.7363,0.7364,ok,1430859600,29282
1394,0.73868,0.74825,0.7379,0.74415,ok,1430946000,29026
1395,0.72514,0.73314,0.72241,0.73037,ok,1431032400,33106
1396,0.71564,0.72561,0.71401,0.72486,ok,1431291600,18954
1397,0.71537,0.72257,0.71511,0.71549,ok,1431378000,19236
1398,0.72098,0.72272,0.71221,0.71528,ok,1431464400,21267
1399,0.72317,0.72436,0.72042,0.72082,ok,1431550800,19292
1400,0.72761,0.72817,0.72053,0.72288,ok,1431637200,18976
1401,0.72274,0.72828,0.72165,0.72702,ok,1431896400,17212
1402,0.71861,0.72319,0.71493,0.72262,ok,1431982800,23336
1403,0.71411,0.71885,0.7126,0.71885,ok,1432069200,23871
1404,0.70943,0.71665,0.70903,0.71375,ok,1432155600,20756
1405,0.71067,0.71623,0.70888,0.70907,ok,1432242000,22143
1406,0.70937,0.71111,0.70725,0.71083,ok,1432501200,8809
1407,0.70658,0.70983,0.70601,0.70938,ok,1432587600,20045
1408,0.71004,0.71125,0.7055,0.70673,ok,1432674000,20077
1409,0.71479,0.71513,0.7094,0.70972,ok,1432760400,22088
1410,0.71827,0.72009,0.71394,0.71431,ok,1432846800,20640
1411,0.71869,0.7196,0.71451,0.71757,ok,1433106000,18584
1412,0.72664,0.73034,0.71792,0.71856,ok,1433192400,25578
1413,0.73487,0.73569,0.7252,0.72653,ok,1433278800,26359
1414,0.73125,0.73849,0.73046,0.73477,ok,1433365200,25606
1415,0.72739,0.73591,0.72688,0.73118,ok,1433451600,25499
1416,0.73561,0.73631,0.72643,0.72687,ok,1433710800,22014
1417,0.73316,0.73882,0.73278,0.73538,ok,1433797200,22604
1418,0.72904,0.73639,0.72666,0.7331,ok,1433883600,26890
1419,0.7254,0.7315,0.72355,0.72891,ok,1433970000,21980
1420,0.72351,0.72565,0.71957,0.7253,ok,1434056400,22718
1421,0.7231,0.72474,0.72025,0.72087,ok,1434315600,18012
1422,0.7187,0.72499,0.71745,0.72272,ok,1434402000,15965
1423,0.71592,0.72123,0.71407,0.71829,ok,1434488400,22590
1424,0.71546,0.71995,0.71519,0.71562,ok,1434574800,21936
1425,0.71426,0.71713,0.71246,0.71538,ok,1434661200,14564
1426,0.71651,0.72104,0.71345,0.71601,ok,1434920400,16622
1427,0.70993,0.71785,0.70799,0.71616,ok,1435006800,19663
1428,0.71336,0.71437,0.70843,0.70976,ok,1435093200,18925
1429,0.7115,0.71474,0.70998,0.71289,ok,1435179600,15882
1430,0.70899,0.71259,0.70735,0.71115,ok,1435266000,13725
1431,0.71389,0.71664,0.69837,0.70079,ok,1435525200,32913
1432,0.70884,0.71404,0.70733,0.71386,ok,1435611600,22040
1433,0.70772,0.71275,0.70581,0.70872,ok,1435698000,17780
1434,0.71001,0.71179,0.70701,0.70748,ok,1435784400,16107
1435,0.71314,0.71324,0.70943,0.70944,ok,1435870800,11205
1436,0.70822,0.71208,0.70504,0.70625,ok,1436130000,21510
1437,0.71203,0.71389,0.70566,0.70792,ok,1436216400,23156
1438,0.72095,0.72231,0.71064,0.7117,ok,1436302800,23267
1439,0.71742,0.72218,0.71608,0.72074,ok,1436389200,19935
1440,0.71824,0.72228,0.71673,0.71701,ok,1436475600,23772
1441,0.71023,0.72011,0.70871,0.71485,ok,1436734800,22896
1442,0.70391,0.7137,0.70365,0.70994,ok,1436821200,20275
1443,0.69976,0.70676,0.69923,0.70371,ok,1436907600,18087
1444,0.69645,0.70095,0.69614,0.69981,ok,1436994000,18078
1445,0.69369,0.69888,0.69331,0.69619,ok,1437080400,13309
1446,0.69526,0.69762,0.69374,0.69429,ok,1437339600,12341
1447,0.70296,0.70447,0.69467,0.69487,ok,1437426000,15545
1448,0.69983,0.70359,0.69633,0.70248,ok,1437512400,16325
1449,0.70782,0.71015,0.69887,0.6997,ok,1437598800,17840
1450,0.70757,0.70918,0.7053,0.70761,ok,1437685200,14331
1451,0.71252,0.71587,0.70663,0.70746,ok,1437944400,17814
1452,0.7083,0.71299,0.70715,0.71235,ok,1438030800,14281
1453,0.70369,0.70986,0.70314,0.70796,ok,1438117200,16940
1454,0.70065,0.70408,0.69843,0.70367,ok,1438203600,15170
1455,0.70286,0.70973,0.70011,0.70049,ok,1438290000,21679
1456,0.70247,0.70413,0.70112,0.70153,ok,1438549200,13712
1457,0.69908,0.70449,0.69895,0.70235,ok,1438635600,14284
1458,0.69882,0.69972,0.69504,0.69899,ok,1438722000,16633
1459,0.70419,0.70457,0.69683,0.69859,ok,1438808400,16186
1460,0.70744,0.70942,0.70148,0.70384,ok,1438894800,16954
1461,0.7066,0.70961,0.70518,0.70736,ok,1439154000,12994
1462,0.70895,0.71167,0.70383,0.70649,ok,1439240400,17330
1463,0.71449,0.71695,0.7082,0.70856,ok,1439326800,18593
1464,0.71417,0.71556,0.71006,0.71427,ok,1439413200,14762
1465,0.70971,0.71582,0.70946,0.71374,ok,1439499600,13837
1466,0.71051,0.71132,0.70639,0.70995,ok,1439758800,12834
1467,0.70393,0.71158,0.70256,0.71023,ok,1439845200,11752
1468,0.70906,0.70958,0.70327,0.70342,ok,1439931600,16296
1469,0.7163,0.7163,0.70836,0.70893,ok,1440018000,16852
1470,0.72502,0.72578,0.71507,0.71595,ok,1440104400,19029
1471,0.73631,0.74204,0.7245,0.72521,ok,1440363600,48791
1472,0.73394,0.7362,0.7258,0.73601,ok,1440450000,37981
1473,0.73156,0.73637,0.72913,0.73391,ok,1440536400,36637
1474,0.72998,0.73339,0.72755,0.73111,ok,1440622800,25795
1475,0.72619,0.73535,0.72583,0.72948,ok,1440709200,21073
1476,0.73046,0.73212,0.72412,0.7244,ok,1440968400,15394
1477,0.73914,0.73937,0.73,0.73037,ok,1441054800,26979
1478,0.73363,0.7393,0.73306,0.7389,ok,1441141200,21133
1479,0.72889,0.7371,0.72756,0.73322,ok,1441227600,21399
1480,0.73432,0.73504,0.72817,0.72857,ok,1441314000,20433
1481,0.73092,0.7356,0.72987,0.73496,ok,1441573200,12484
1482,0.72754,0.73289,0.72408,0.73072,ok,1441659600,16702
1483,0.72913,0.72977,0.72398,0.72733,ok,1441746000,16265
1484,0.73013,0.73189,0.72422,0.72868,ok,1441832400,21909
1485,0.73453,0.73553,0.72933,0.72998,ok,1441918800,16394
1486,0.73339,0.73583,0.73243,0.73427,ok,1442178000,13008
1487,0.73427,0.73563,0.7312,0.73296,ok,1442264400,14313
1488,0.72865,0.73582,0.72648,0.73385,ok,1442350800,15294
1489,0.73334,0.73378,0.72743,0.72837,ok,1442437200,22239
1490,0.72699,0.73401,0.72618,0.73299,ok,1442523600,19533
1491,0.72145,0.7284,0.72135,0.72636,ok,1442782800,13924
1492,0.72392,0.7256,0.71961,0.7213,ok,1442869200,15874
1493,0.73361,0.73458,0.72354,0.72354,ok,1442955600,21701
1494,0.7367,0.74101,0.73211,0.7332,ok,1443042000,20159
1495,0.73709,0.73968,0.73021,0.73605,ok,1443128400,21806
1496,0.74096,0.74096,0.7335,0.73618,ok,1443387600,18132
1497,0.74235,0.74358,0.73799,0.74048,ok,1443474000,20262
1498,0.73866,0.74296,0.73611,0.74217,ok,1443560400,17975
1499,0.73973,0.73982,0.73552,0.73855,ok,1443646800,14151
1500,0.73804,0.74416,0.73524,0.73918,ok,1443733200,21667
1501,0.73845,0.74225,0.73726,0.73793,ok,1443992400,18420
1502,0.74017,0.74078,0.73695,0.73812,ok,1444078800,13723
1503,0.73352,0.74034,0.73324,0.73954,ok,1444165200,16690
1504,0.73458,0.73775,0.7331,0.73331,ok,1444251600,17801
1505,0.74096,0.74292,0.73357,0.73427,ok,1444338000,16943
1506,0.73983,0.74248,0.73961,0.74187,ok,1444597200,9233
1507,0.74615,0.7492,0.73922,0.73988,ok,1444683600,16129
1508,0.74124,0.74739,0.74006,0.74612,ok,1444770000,15369
1509,0.73573,0.74232,0.7342,0.74092,ok,1444856400,17340
1510,0.73461,0.73704,0.73378,0.73704,ok,1444942800,12414
1511,0.73225,0.73715,0.73032,0.73555,ok,1445202000,10684
1512,0.73451,0.73555,0.73127,0.73229,ok,1445288400,10134
1513,0.7352,0.73725,0.73321,0.73421,ok,1445374800,10719
1514,0.72152,0.73574,0.72106,0.73503,ok,1445461200,19989
1515,0.71896,0.72312,0.71678,0.72116,ok,1445547600,18491
1516,0.72023,0.72104,0.7178,0.71786,ok,1445806800,12033
1517,0.72168,0.72265,0.71905,0.71997,ok,1445893200,12133
1518,0.71563,0.72489,0.71451,0.72149,ok,1445979600,17995
1519,0.71687,0.71912,0.71433,0.71529,ok,1446066000,15370
1520,0.71281,0.71986,0.71228,0.71664,ok,1446152400,18393
1521,0.71441,0.71634,0.71066,0.71357,ok,1446415200,12897
1522,0.71077,0.71468,0.70997,0.71417,ok,1446501600,11700
1523,0.7062,0.71128,0.70534,0.71049,ok,1446588000,14524
1524,0.71556,0.71596,0.70413,0.7057,ok,1446674400,17819
1525,0.71321,0.71963,0.71072,0.71526,ok,1446760800,18305
1526,0.71116,0.71536,0.71077,0.71244,ok,1447020000,14252
1527,0.70929,0.7127,0.70673,0.71074,ok,1447106400,13642
1528,0.7061,0.71037,0.70487,0.70884,ok,1447192800,14074
1529,0.7098,0.7109,0.70399,0.70587,ok,1447279200,19306
1530,0.70601,0.70992,0.70409,0.70939,ok,1447365600,16549
1531,0.70281,0.70786,0.70208,0.7047,ok,1447624800,13705
1532,0.69949,0.70324,0.69839,0.70271,ok,1447711200,13651
1533,0.69957,0.70196,0.698,0.69933,ok,1447797600,13723
1534,0.70181,0.70258,0.69824,0.6995,ok,1447884000,15488
1535,0.70039,0.702,0.69844,0.7014,ok,1447970400,13368
1536,0.70317,0.70345,0.69915,0.70004,ok,1448229600,13231
1537,0.70556,0.70793,0.70145,0.70291,ok,1448316000,14447
1538,0.70214,0.70789,0.70024,0.70519,ok,1448402400,16261
1539,0.70246,0.70432,0.70147,0.70219,ok,1448488800,8042
1540,0.7043,0.70507,0.70179,0.70231,ok,1448575200,11690
1541,0.70162,0.70511,0.70126,0.70394,ok,1448834400,11242
1542,0.70487,0.7051,0.70064,0.70147,ok,1448920800,12920
1543,0.70986,0.71103,0.70295,0.70488,ok,1449007200,16492
1544,0.72213,0.72502,0.70455,0.70978,ok,1449093600,37932
1545,0.71987,0.72353,0.71798,0.7221,ok,1449180000,26156
1546,0.71973,0.72107,0.71632,0.71948,ok,1449439200,14264
1547,0.72558,0.72787,0.71941,0.71973,ok,1449525600,14997
1548,0.72613,0.72735,0.7219,0.72558,ok,1449612000,20374
1549,0.72154,0.72604,0.72033,0.72585,ok,1449698400,17313
1550,0.72143,0.72504,0.7206,0.72147,ok,1449784800,19865
1551,0.72581,0.73003,0.7206,0.72121,ok,1450044000,19764
1552,0.72664,0.73009,0.72147,0.7255,ok,1450130400,17527
1553,0.72719,0.73048,0.72576,0.7263,ok,1450216800,29425
1554,0.72631,0.72954,0.72344,0.72692,ok,1450303200,20474
1555,0.72894,0.72951,0.72396,0.72618,ok,1450389600,18948
1556,0.7331,0.73451,0.72751,0.72751,ok,1450648800,13676
1557,0.73886,0.74152,0.73198,0.7328,ok,1450735200,12879
1558,0.73359,0.73876,0.73066,0.73841,ok,1450821600,11538
1559,0.73456,0.73702,0.73183,0.73342,ok,1450908000,7739
1560,0.73701,0.73808,0.73271,0.73456,ok,1451253600,8959
1561,0.73686,0.74079,0.73519,0.73655,ok,1451340000,10442
1562,0.73762,0.73877,0.73483,0.73663,ok,1451426400,10635
1563,0.73737,0.73831,0.73338,0.73733,ok,1451512800,9847
1564,0.73593,0.74231,0.7346,0.73737,ok,1451858400,23578
1565,0.73234,0.73634,0.73118,0.73553,ok,1451944800,16502
1566,0.7367,0.73783,0.73191,0.73206,ok,1452031200,20877
1567,0.74761,0.74827,0.73592,0.73649,ok,1452117600,26660
1568,0.75209,0.75239,0.74197,0.74739,ok,1452204000,30715
1569,0.74664,0.75536,0.74419,0.7512,ok,1452463200,23381
1570,0.7515,0.75477,0.74509,0.74617,ok,1452549600,22497
1571,0.75487,0.75494,0.74659,0.75116,ok,1452636000,23196
1572,0.75382,0.76062,0.75217,0.7547,ok,1452722400,27969
1573,0.76518,0.76938,0.75251,0.75347,ok,1452808800,33612
1574,0.7645,0.76628,0.75948,0.76607,ok,1453068000,19979
1575,0.77025,0.77125,0.75818,0.7642,ok,1453154400,27465
1576,0.76721,0.77549,0.76686,0.77038,ok,1453240800,34838
1577,0.76452,0.77414,0.76163,0.76701,ok,1453327200,44668
1578,0.75657,0.7648,0.75249,0.76429,ok,1453413600,29386
1579,0.76135,0.76175,0.75522,0.75588,ok,1453672800,21829
1580,0.75725,0.76634,0.75495,0.76108,ok,1453759200,26507
1581,0.7652,0.76654,0.75632,0.75684,ok,1453845600,30322
1582,0.7616,0.76618,0.75933,0.76475,ok,1453932000,29806
1583,0.76014,0.76482,0.75608,0.76137,ok,1454018400,38606
1584,0.75413,0.76225,0.75402,0.75948,ok,1454277600,24133
1585,0.75743,0.76154,0.75393,0.75393,ok,1454364000,23417
1586,0.7601,0.76142,0.75251,0.75733,ok,1454450400,36034
1587,0.76805,0.77009,0.75896,0.76036,ok,1454536800,38966
1588,0.76881,0.77147,0.76693,0.7678,ok,1454623200,32754
1589,0.77546,0.77663,0.76607,0.76863,ok,1454882400,30214
1590,0.78011,0.78502,0.77302,0.77539,ok,1454968800,43170
1591,0.77729,0.78178,0.77123,0.77957,ok,1455055200,43430
1592,0.78201,0.78967,0.77529,0.77696,ok,1455141600,61947
1593,0.77565,0.78276,0.77416,0.78161,ok,1455228000,39158
1594,0.77242,0.77556,0.76971,0.77452,ok,1455487200,21876
1595,0.77891,0.78114,0.7695,0.77218,ok,1455573600,30392
1596,0.77811,0.78444,0.77612,0.77858,ok,1455660000,31076
1597,0.77411,0.78158,0.77069,0.77802,ok,1455746400,29709
1598,0.77241,0.77925,0.77208,0.77416,ok,1455832800,32508
1599,0.77924,0.78427,0.77639,0.77836,ok,1456092000,28843
1600,0.78568,0.78639,0.77754,0.77901,ok,1456178400,29734
1601,0.79081,0.79238,0.78521,0.78553,ok,1456264800,37398
1602,0.78903,0.79279,0.78791,0.79065,ok,1456351200,29626
1603,0.78759,0.79218,0.78429,0.78892,ok,1456437600,29969
1604,0.78103,0.78964,0.77902,0.78719,ok,1456696800,25493
1605,0.77875,0.78206,0.7757,0.781,ok,1456783200,28632
1606,0.77176,0.78127,0.76903,0.77845,ok,1456869600,23440
1607,0.77278,0.77481,0.77038,0.77168,ok,1456956000,22407
1608,0.77307,0.77717,0.77206,0.77225,ok,1457042400,27366
1609,0.77203,0.77483,0.77127,0.77252,ok,1457301600,18155
1610,0.77445,0.7792,0.77154,0.77154,ok,1457388000,20543
1611,0.7737,0.77556,0.76999,0.77436,ok,1457474400,20326
1612,0.78253,0.78472,0.76517,0.77324,ok,1457560800,47561
1613,0.77476,0.78466,0.77375,0.78227,ok,1457647200,26914
1614,0.77617,0.77686,0.7735,0.77428,ok,1457902800,18072
1615,0.78492,0.78605,0.77577,0.7759,ok,1457989200,20193
1616,0.78679,0.78849,0.78401,0.78466,ok,1458075600,30886
1617,0.78133,0.79106,0.78071,0.78691,ok,1458162000,31029
1618,0.77801,0.78291,0.7774,0.78101,ok,1458248400,18771
1619,0.78218,0.78371,0.77838,0.77923,ok,1458507600,17866
1620,0.78932,0.7905,0.78135,0.78182,ok,1458594000,24826
1621,0.79197,0.7933,0.7881,0.7889,ok,1458680400,19390
1622,0.78945,0.79458,0.78814,0.79165,ok,1458766800,19311
1623,0.78991,0.79081,0.78842,0.78887,ok,1458853200,5406
1624,0.78533,0.79012,0.78429,0.78965,ok,1459112400,10220
1625,0.78491,0.78718,0.78295,0.78476,ok,1459198800,21689
1626,0.78842,0.7885,0.78336,0.78453,ok,1459285200,21976
1627,0.79234,0.79438,0.78784,0.78828,ok,1459371600,22109
1628,0.80025,0.80192,0.79175,0.79192,ok,1459458000,26973
1629,0.79827,0.80156,0.79594,0.8012,ok,1459717200,16752
1630,0.80386,0.80538,0.79747,0.79781,ok,1459803600,20092
1631,0.80686,0.81042,0.80229,0.80356,ok,1459890000,24942
1632,0.80932,0.81164,0.80445,0.80663,ok,1459976400,25259
1633,0.80641,0.80933,0.80463,0.8089,ok,1460062800,21040
1634,0.80095,0.80888,0.79945,0.80841,ok,1460322000,21783
1635,0.79758,0.80278,0.79604,0.80048,ok,1460408400,22057
1636,0.79352,0.79833,0.79245,0.79737,ok,1460494800,19803
1637,0.79568,0.79809,0.79317,0.79317,ok,1460581200,18583
1638,0.79394,0.79752,0.79368,0.79527,ok,1460667600,14768
1639,0.79227,0.79928,0.79126,0.79544,ok,1460926800,16838
1640,0.78865,0.79243,0.78816,0.79184,ok,1461013200,17255
1641,0.78803,0.79135,0.78632,0.78874,ok,1461099600,15539
1642,0.78794,0.78973,0.78535,0.78754,ok,1461186000,23233
1643,0.7787,0.78847,0.77786,0.78782,ok,1461272400,18880
1644,0.77799,0.78107,0.77494,0.77497,ok,1461531600,17702
1645,0.77483,0.77811,0.77346,0.7777,ok,1461618000,17202
1646,0.77836,0.77926,0.77383,0.77483,ok,1461704400,21021
1647,0.7769,0.78032,0.77539,0.77827,ok,1461790800,20017
1648,0.78307,0.78418,0.77646,0.77746,ok,1461877200,20758
1649,0.78595,0.78647,0.78209,0.78525,ok,1462136400,13412
1650,0.7909,0.79198,0.78414,0.7853,ok,1462222800,21303
1651,0.7922,0.79463,0.78922,0.79087,ok,1462309200,18642
1652,0.78725,0.79238,0.78614,0.79186,ok,1462395600,14600
1653,0.79007,0.79175,0.78646,0.78718,ok,1462482000,18500
1654,0.78975,0.79272,0.78668,0.79011,ok,1462741200,17130
1655,0.78689,0.79033,0.78689,0.78959,ok,1462827600,14820
1656,0.79068,0.79185,0.78648,0.78685,ok,1462914000,12907
1657,0.78712,0.79183,0.78452,0.7903,ok,1463000400,15890
1658,0.78697,0.78823,0.78578,0.78674,ok,1463086800,15906
1659,0.78599,0.78932,0.78576,0.78752,ok,1463346000,10486
1660,0.78202,0.78608,0.78002,0.786,ok,1463432400,16965
1661,0.76814,0.78309,0.76814,0.78193,ok,1463518800,21382
1662,0.76661,0.77024,0.76481,0.76773,ok,1463605200,19399
1663,0.77345,0.77423,0.76623,0.76637,ok,1463691600,13983
1664,0.77452,0.77533,0.77043,0.77222,ok,1463950800,14063
1665,0.76107,0.77495,0.76105,0.77427,ok,1464037200,17935
1666,0.75882,0.76387,0.75643,0.7612,ok,1464123600,16756
1667,0.76293,0.7634,0.75782,0.75844,ok,1464210000,16322
1668,0.75992,0.76437,0.75992,0.76281,ok,1464296400,14626
1669,0.76056,0.76315,0.75886,0.76011,ok,1464555600,7376
1670,0.7685,0.76957,0.75717,0.76043,ok,1464642000,21999
1671,0.77605,0.77667,0.76707,0.76835,ok,1464728400,21075
1672,0.77298,0.77748,0.77195,0.77597,ok,1464814800,19475
1673,0.7825,0.78329,0.77195,0.77259,ok,1464901200,22601
1674,0.78597,0.79048,0.78426,0.78463,ok,1465160400,27561
1675,0.78071,0.78628,0.77477,0.78559,ok,1465246800,20158
1676,0.78543,0.78591,0.77947,0.78053,ok,1465333200,16412
1677,0.78243,0.7878,0.78066,0.78532,ok,1465419600,18421
1678,0.7887,0.7931,0.78084,0.78217,ok,1465506000,25000
1679,0.79089,0.79849,0.78755,0.7879,ok,1465765200,40979
1680,0.79353,0.79719,0.7908,0.79081,ok,1465851600,31328
1681,0.79254,0.79663,0.78915,0.79357,ok,1465938000,29614
1682,0.79021,0.79937,0.78877,0.79247,ok,1466024400,38686
1683,0.78489,0.79079,0.78411,0.78982,ok,1466110800,32966
1684,0.76941,0.78319,0.76898,0.78274,ok,1466370000,36637
1685,0.76707,0.77433,0.76535,0.76946,ok,1466456400,35035
1686,0.76753,0.77163,0.76538,0.76689,ok,1466542800,27861
1687,0.7639,0.7706,0.76223,0.76716,ok,1466629200,45939
1688,0.8104,0.83106,0.75973,0.76381,ok,1466715600,170841
1689,0.833,0.83783,0.81731,0.8187,ok,1466974800,72889
1690,0.82908,0.83406,0.82556,0.83273,ok,1467061200,45133
1691,0.82821,0.83194,0.82053,0.82852,ok,1467147600,40744
1692,0.83403,0.83814,0.824,0.82672,ok,1467234000,54522
1693,0.83781,0.84052,0.83146,0.83231,ok,1467320400,35765
1694,0.83882,0.83983,0.83513,0.83904,ok,1467579600,18835
1695,0.85025,0.85468,0.83813,0.83832,ok,1467666000,37197
1696,0.8581,0.86248,0.84924,0.84977,ok,1467752400,49238
1697,0.85665,0.86125,0.849,0.8578,ok,1467838800,34621
1698,0.85264,0.8585,0.85021,0.85649,ok,1467925200,30466
1699,0.85038,0.85784,0.84839,0.8527,ok,1468184400,33549
1700,0.83481,0.85231,0.83356,0.85058,ok,1468270800,40400
1701,0.84325,0.84499,0.82983,0.8345,ok,1468357200,38157
1702,0.83313,0.84688,0.82473,0.84344,ok,1468443600,45242
1703,0.83629,0.84157,0.82608,0.83273,ok,1468530000,41497
1704,0.83539,0.83775,0.83188,0.836,ok,1468789200,25607
1705,0.84054,0.84264,0.83409,0.83519,ok,1468875600,28246
1706,0.83347,0.8423,0.83277,0.84028,ok,1468962000,24670
1707,0.8331,0.8382,0.83007,0.83309,ok,1469048400,32185
1708,0.83684,0.84187,0.82987,0.83283,ok,1469134800,29090
1709,0.83658,0.83823,0.83367,0.83565,ok,1469394000,18376
1710,0.83651,0.84252,0.8351,0.83643,ok,1469480400,25570
1711,0.83612,0.84114,0.8347,0.83604,ok,1469566800,30215
1712,0.84117,0.84501,0.83567,0.83629,ok,1469653200,23026
1713,0.84425,0.84773,0.83855,0.84092,ok,1469739600,29304
1714,0.84668,0.84867,0.84167,0.84346,ok,1469998800,18983
1715,0.84007,0.84915,0.84005,0.84639,ok,1470085200,22796
1716,0.8366,0.84319,0.83647,0.83987,ok,1470171600,18963
1717,0.8489,0.84956,0.83433,0.83618,ok,1470258000,30711
1718,0.84785,0.85037,0.84625,0.84866,ok,1470344400,18009
1719,0.85008,0.85079,0.84686,0.84707,ok,1470603600,12814
1720,0.85478,0.85656,0.84869,0.84923,ok,1470690000,16289
1721,0.85872,0.8597,0.85163,0.85433,ok,1470776400,18988
1722,0.85945,0.86231,0.85762,0.85842,ok,1470862800,15711
1723,0.86341,0.86516,0.85835,0.85899,ok,1470949200,15525
1724,0.86799,0.87024,0.86205,0.86354,ok,1471208400,12947
1725,0.86438,0.87237,0.86402,0.86769,ok,1471294800,24130
1726,0.8655,0.86721,0.86272,0.86402,ok,1471381200,20882
1727,0.86207,0.86716,0.85903,0.8653,ok,1471467600,20519
1728,0.86559,0.86913,0.8609,0.86168,ok,1471554000,17567
1729,0.86154,0.86632,0.86087,0.86563,ok,1471813200,15357
1730,0.85647,0.86282,0.85619,0.86135,ok,1471899600,14976
1731,0.85109,0.85781,0.84847,0.85614,ok,1471986000,15310
1732,0.85536,0.85657,0.84987,0.85076,ok,1472072400,12652
1733,0.85192,0.85646,0.85177,0.85492,ok,1472158800,22881
1734,0.85359,0.85494,0.85159,0.85189,ok,1472418000,14160
1735,0.8517,0.85512,0.84969,0.85331,ok,1472504400,15010
1736,0.84906,0.85254,0.84726,0.85141,ok,1472590800,17784
1737,0.84374,0.84967,0.8387,0.84868,ok,1472677200,19548
1738,0.83853,0.84441,0.8375,0.84344,ok,1472763600,20013
1739,0.83767,0.84057,0.83517,0.83807,ok,1473022800,12253
1740,0.83729,0.83826,0.83325,0.83732,ok,1473109200,16627
1741,0.84231,0.84342,0.83696,0.83699,ok,1473195600,18758
1742,0.8468,0.84931,0.84192,0.84192,ok,1473282000,19430
1743,0.84593,0.84837,0.84386,0.84642,ok,1473368400,17480
1744,0.84234,0.84834,0.84208,0.84622,ok,1473627600,19086
1745,0.85031,0.85336,0.84192,0.84196,ok,1473714000,19140
1746,0.84988,0.8544,0.84823,0.85008,ok,1473800400,17854
1747,0.84915,0.85382,0.84659,0.84956,ok,1473886800,21605
1748,0.85743,0.85811,0.84853,0.84887,ok,1473973200,18972
1749,0.85737,0.85798,0.85346,0.85729,ok,1474232400,14206
1750,0.85846,0.86305,0.85621,0.85716,ok,1474318800,15297
1751,0.85812,0.86065,0.85661,0.8579,ok,1474405200,23646
1752,0.8569,0.86101,0.8561,0.85807,ok,1474491600,16785
1753,0.86521,0.86787,0.8562,0.85679,ok,1474578000,16610
1754,0.86715,0.87159,0.86459,0.86566,ok,1474837200,13716
1755,0.86105,0.86928,0.86092,0.86696,ok,1474923600,17065
1756,0.86139,0.86388,0.85889,0.86078,ok,1475010000,17279
1757,0.86526,0.86682,0.85924,0.86128,ok,1475096400,17696
1758,0.86576,0.86712,0.86037,0.86482,ok,1475182800,23871
1759,0.8728,0.8746,0.86764,0.86878,ok,1475442000,18977
1760,0.88009,0.88094,0.87078,0.87305,ok,1475528400,26678
1761,0.87876,0.88423,0.87762,0.87973,ok,1475614800,19462
1762,0.88368,0.88498,0.87843,0.87863,ok,1475701200,18665
1763,0.90022,0.91442,0.88294,0.88328,ok,1475787600,40573
1764,0.90079,0.90387,0.89797,0.9015,ok,1476046800,22079
1765,0.9114,0.91402,0.89951,0.90038,ok,1476133200,35899
1766,0.90127,0.91265,0.8966,0.9113,ok,1476219600,45671
1767,0.90197,0.90669,0.89982,0.90165,ok,1476306000,31596
1768,0.89961,0.90462,0.89739,0.90183,ok,1476392400,30160
1769,0.90272,0.90572,0.90008,0.9027,ok,1476651600,23626
1770,0.89258,0.90296,0.8913,0.90225,ok,1476738000,28607
1771,0.8929,0.89563,0.88997,0.89233,ok,1476824400,21700
1772,0.89166,0.90257,0.89093,0.89272,ok,1476910800,23221
1773,0.88938,0.89396,0.88798,0.8914,ok,1476997200,18972
1774,0.88891,0.89258,0.88837,0.89002,ok,1477256400,16494
1775,0.89313,0.89797,0.88874,0.88879,ok,1477342800,28115
1776,0.89057,0.89642,0.89035,0.89286,ok,1477429200,23157
1777,0.89558,0.89787,0.88913,0.89038,ok,1477515600,26236
1778,0.90067,0.90172,0.89449,0.89524,ok,1477602000,30058
1779,0.89686,0.90239,0.89533,0.90239,ok,1477861200,21107
1780,0.90279,0.90441,0.8947,0.89634,ok,1477947600,21547
1781,0.90185,0.90481,0.89797,0.9025,ok,1478034000,27151
1782,0.89092,0.90229,0.88584,0.90137,ok,1478120400,38963
1783,0.88958,0.8915,0.88565,0.89069,ok,1478206800,24166
1784,0.89032,0.89373,0.88751,0.88767,ok,1478469600,23650
1785,0.89013,0.89321,0.88837,0.8901,ok,1478556000,19997
1786,0.87908,0.90236,0.87623,0.88888,ok,1478642400,81001
1787,0.8671,0.8824,0.86612,0.87895,ok,1478728800,40174
1788,0.86092,0.86893,0.85663,0.86753,ok,1478815200,38656
1789,0.85964,0.8635,0.85805,0.86122,ok,1479074400,39906
1790,0.86073,0.87064,0.85669,0.85919,ok,1479160800,37174
1791,0.85894,0.8626,0.85719,0.86059,ok,1479247200,31997
1792,0.85526,0.86238,0.85469,0.85857,ok,1479333600,32619
1793,0.85723,0.86353,0.85257,0.85515,ok,1479420000,39387
1794,0.85049,0.86378,0.84882,0.85767,ok,1479679200,35822
1795,0.85517,0.8571,0.84944,0.84976,ok,1479765600,25276
1796,0.84778,0.85936,0.84644,0.85492,ok,1479852000,27827
1797,0.84711,0.85014,0.84594,0.84765,ok,1479938400,20733
1798,0.84827,0.8544,0.84682,0.84707,ok,1480024800,26494
1799,0.85443,0.85659,0.84944,0.84982,ok,1480284000,28847
1800,0.85209,0.85586,0.84663,0.8542,ok,1480370400,25350
1801,0.84656,0.85773,0.84552,0.85199,ok,1480456800,32672
1802,0.84649,0.84848,0.83688,0.8464,ok,1480543200,36803
1803,0.83712,0.84827,0.83697,0.84633,ok,1480629600,29799
1804,0.84522,0.84784,0.83039,0.84049,ok,1480888800,48217
1805,0.84521,0.84622,0.8406,0.84505,ok,1480975200,24202
1806,0.85149,0.85497,0.84482,0.84509,ok,1481061600,25296
1807,0.84303,0.8571,0.84243,0.85132,ok,1481148000,43703
1808,0.83925,0.84568,0.83713,0.84311,ok,1481234400,25637
1809,0.83879,0.84282,0.8361,0.83724,ok,1481493600,26002
1810,0.83931,0.841,0.83415,0.83823,ok,1481580000,25787
1811,0.83831,0.84206,0.83487,0.8387,ok,1481666400,34186
1812,0.83823,0.83994,0.83297,0.83796,ok,1481752800,43512
1813,0.83643,0.84257,0.83546,0.83693,ok,1481839200,31175
1814,0.8392,0.84494,0.8357,0.83605,ok,1482098400,29362
1815,0.83965,0.84254,0.83735,0.8381,ok,1482184800,26242
1816,0.84358,0.84532,0.83935,0.83947,ok,1482271200,22219
1817,0.84938,0.85098,0.84324,0.84354,ok,1482357600,21798
1818,0.85047,0.85382,0.84876,0.84924,ok,1482444000,17707
1819,0.85193,0.85391,0.84991,0.85095,ok,1482789600,10977
1820,0.85133,0.85361,0.84887,0.85164,ok,1482876000,20245
1821,0.85508,0.85821,0.85077,0.85091,ok,1482962400,23791
1822,0.85205,0.86643,0.85149,0.85495,ok,1483048800,45105
1823,0.84994,0.8529,0.84496,0.85192,ok,1483394400,30309
1824,0.85095,0.85369,0.84786,0.84978,ok,1483480800,30371
1825,0.85368,0.85812,0.85043,0.85064,ok,1483567200,42917
1826,0.85683,0.85887,0.85314,0.85324,ok,1483653600,31943
1827,0.86895,0.86979,0.8582,0.85929,ok,1483912800,33432
1828,0.86662,0.87627,0.86641,0.86896,ok,1483999200,33559
1829,0.86636,0.87041,0.86469,0.8663,ok,1484085600,51225
1830,0.8724,0.87471,0.86535,0.86626,ok,1484172000,42596
1831,0.8731,0.87671,0.86928,0.87219,ok,1484258400,35254
1832,0.87976,0.88509,0.87623,0.88286,ok,1484517600,37651
1833,0.86272,0.88157,0.86256,0.87923,ok,1484604000,59363
1834,0.86679,0.87065,0.86235,0.86243,ok,1484690400,37677
1835,0.86395,0.86781,0.86091,0.86659,ok,1484776800,38152
1836,0.86428,0.86716,0.86295,0.8635,ok,1484863200,37197
1837,0.85853,0.86623,0.85843,0.86423,ok,1485122400,33764
1838,0.8569,0.86502,0.85635,0.85828,ok,1485208800,35247
1839,0.85042,0.8579,0.84964,0.85659,ok,1485295200,31333
1840,0.84793,0.85327,0.84698,0.85036,ok,1485381600,32107
1841,0.85201,0.85378,0.84699,0.84732,ok,1485468000,26201
1842,0.85634,0.85777,0.8489,0.85109,ok,1485727200,25633
1843,0.8582,0.86331,0.85458,0.8564,ok,1485813600,38064
1844,0.85048,0.85938,0.84924,0.85762,ok,1485900000,32884
1845,0.85853,0.86245,0.84992,0.85024,ok,1485986400,35975
1846,0.86339,0.86413,0.85735,0.85806,ok,1486072800,30899
1847,0.86202,0.86416,0.85915,0.86357,ok,1486332000,25152
1848,0.85371,0.86385,0.85312,0.86169,ok,1486418400,33135
1849,0.85286,0.85512,0.85087,0.85325,ok,1486504800,27583
1850,0.8523,0.85468,0.8493,0.85333,ok,1486591200,27608
1851,0.85162,0.85506,0.85017,0.85099,ok,1486677600,27650
1852,0.84583,0.85183,0.84563,0.85118,ok,1486936800,21150
1853,0.84819,0.85293,0.84538,0.84538,ok,1487023200,27325
1854,0.85038,0.85207,0.84654,0.84751,ok,1487109600,27622
1855,0.85449,0.85517,0.8486,0.85073,ok,1487196000,25038
1856,0.85507,0.8591,0.85188,0.8544,ok,1487282400,24563
1857,0.85127,0.85535,0.85102,0.85453,ok,1487541600,18278
1858,0.84464,0.85146,0.84413,0.85099,ok,1487628000,22768
1859,0.84793,0.84908,0.8402,0.84496,ok,1487714400,28381
1860,0.84248,0.84928,0.84212,0.84751,ok,1487800800,24281
1861,0.84641,0.84913,0.84214,0.84242,ok,1487887200,25148
1862,0.85062,0.85391,0.846,0.84625,ok,1488146400,27783
1863,0.85414,0.85489,0.85001,0.85001,ok,1488232800,24720
1864,0.85778,0.85865,0.85091,0.85395,ok,1488319200,28396
1865,0.85609,0.85897,0.85467,0.85779,ok,1488405600,24454
1866,0.86341,0.86403,0.85584,0.85629,ok,1488492000,26593
1867,0.8647,0.86689,0.86241,0.86303,ok,1488751200,19010
1868,0.86577,0.86827,0.86383,0.86463,ok,1488837600,18728
1869,0.86608,0.86944,0.8653,0.86557,ok,1488924000,19692
1870,0.86938,0.87187,0.86552,0.86593,ok,1489010400,28085
1871,0.87687,0.87822,0.86911,0.86945,ok,1489096800,26117
1872,0.8718,0.87864,0.87085,0.87755,ok,1489352400,22588
1873,0.87238,0.87851,0.87142,0.87162,ok,1489438800,21756
1874,0.87328,0.8736,0.86647,0.87222,ok,1489525200,28130
1875,0.87077,0.87588,0.8668,0.8728,ok,1489611600,27318
1876,0.86591,0.87362,0.86591,0.87072,ok,1489698000,20760
1877,0.86894,0.87072,0.86587,0.86627,ok,1489957200,16411
1878,0.86613,0.8726,0.8649,0.86882,ok,1490043600,24484
1879,0.86473,0.86995,0.86429,0.86599,ok,1490130000,22072
1880,0.86116,0.86541,0.86045,0.86437,ok,1490216400,21720
1881,0.86535,0.86611,0.86087,0.86098,ok,1490302800,17597
1882,0.86488,0.86734,0.86238,0.86694,ok,1490562000,20450
1883,0.86833,0.8688,0.86175,0.86464,ok,1490648400,19400
1884,0.86555,0.87343,0.86231,0.86772,ok,1490734800,26468
1885,0.85581,0.86605,0.85561,0.86543,ok,1490821200,20502
1886,0.84825,0.85958,0.8482,0.8557,ok,1490907600,23904
1887,0.85429,0.85567,0.84908,0.84957,ok,1491166800,18071
1888,0.85784,0.85869,0.85367,0.85428,ok,1491253200,18095
1889,0.85404,0.85895,0.85312,0.85724,ok,1491339600,19554
1890,0.85344,0.85667,0.85103,0.85413,ok,1491426000,17726
1891,0.85527,0.85794,0.8527,0.85324,ok,1491512400,21632
1892,0.85322,0.85525,0.85234,0.85441,ok,1491771600,11804
1893,0.84877,0.8548,0.84872,0.85307,ok,1491858000,14618
1894,0.85039,0.85111,0.84765,0.84876,ok,1491944400,16313
1895,0.84867,0.85087,0.84744,0.85002,ok,1492030800,14713
1896,0.84678,0.84932,0.84661,0.84827,ok,1492117200,10594
1897,0.84691,0.84892,0.84587,0.84608,ok,1492376400,8532
1898,0.83547,0.85116,0.83106,0.84629,ok,1492462800,31241
1899,0.83801,0.83884,0.83368,0.83535,ok,1492549200,20292
1900,0.83626,0.84132,0.83587,0.83732,ok,1492635600,16617
1901,0.83686,0.83859,0.83511,0.83598,ok,1492722000,18079
1902,0.84919,0.85087,0.84501,0.84996,ok,1492981200,26500
1903,0.85102,0.85298,0.8477,0.84904,ok,1493067600,19454
1904,0.84848,0.85301,0.84579,0.85078,ok,1493154000,20775
1905,0.84238,0.84947,0.8415,0.84827,ok,1493240400,23048
1906,0.84088,0.84614,0.84044,0.84188,ok,1493326800,22737
1907,0.84572,0.84586,0.84153,0.84302,ok,1493586000,8870
1908,0.84469,0.84839,0.8422,0.84597,ok,1493672400,15071
1909,0.84585,0.84758,0.8435,0.84443,ok,1493758800,17910
1910,0.84977,0.84997,0.84547,0.84556,ok,1493845200,19097
1911,0.84681,0.85082,0.84609,0.8497,ok,1493931600,18657
1912,0.84407,0.84849,0.84331,0.8483,ok,1494190800,19331
1913,0.84057,0.84461,0.84005,0.84398,ok,1494277200,17325
1914,0.83987,0.84157,0.83828,0.84047,ok,1494363600,16881
1915,0.84264,0.84511,0.83932,0.83976,ok,1494450000,18452
1916,0.84768,0.84881,0.84239,0.84264,ok,1494536400,16172
1917,0.85073,0.85139,0.84573,0.84803,ok,1494795600,14618
1918,0.85781,0.85946,0.8499,0.85021,ok,1494882000,18781
1919,0.8602,0.86146,0.85598,0.85759,ok,1494968400,21550
1920,0.85765,0.86121,0.85235,0.86013,ok,1495054800,28499
1921,0.85925,0.8602,0.85685,0.85787,ok,1495141200,16130
1922,0.86432,0.86505,0.85993,0.86085,ok,1495400400,18178
1923,0.86258,0.86743,0.86184,0.8636,ok,1495486800,24537
1924,0.86456,0.86554,0.86022,0.86244,ok,1495573200,19587
1925,0.86607,0.86666,0.86359,0.86428,ok,1495659600,16688
1926,0.87248,0.875,0.86547,0.86547,ok,1495746000,21534
1927,0.86917,0.87271,0.86912,0.87191,ok,1496005200,8458
1928,0.86977,0.87051,0.86552,0.86914,ok,1496091600,19192
1929,0.87207,0.87477,0.86948,0.86948,ok,1496178000,22977
1930,0.87035,0.87542,0.86832,0.87199,ok,1496264400,17073
1931,0.87478,0.87668,0.86944,0.87014,ok,1496350800,16438
1932,0.87203,0.87665,0.86934,0.8759,ok,1496610000,13833
1933,0.87313,0.87549,0.86917,0.87152,ok,1496696400,15434
1934,0.86839,0.87383,0.86764,0.87291,ok,1496782800,19048
1935,0.8654,0.86982,0.86485,0.86819,ok,1496869200,22881
1936,0.87802,0.88586,0.86502,0.86522,ok,1496955600,56430
1937,0.88488,0.88658,0.87782,0.88127,ok,1497214800,17579
1938,0.87884,0.8851,0.878,0.88469,ok,1497301200,16903
1939,0.87961,0.8835,0.87656,0.87805,ok,1497387600,27531
1940,0.87357,0.88064,0.8722,0.87922,ok,1497474000,23927
1941,0.87566,0.87636,0.87188,0.87343,ok,1497560400,14709
1942,0.87505,0.87782,0.87336,0.87772,ok,1497819600,14532
1943,0.88157,0.88339,0.87383,0.87507,ok,1497906000,19537
1944,0.88129,0.88448,0.87705,0.88137,ok,1497992400,17703
1945,0.87919,0.88277,0.87852,0.88124,ok,1498078800,12536
1946,0.87966,0.88046,0.87628,0.8789,ok,1498165200,12209
1947,0.87875,0.8807,0.8772,0.87862,ok,1498424400,12632
1948,0.88459,0.88621,0.87825,0.8786,ok,1498510800,18813
1949,0.87999,0.88792,0.87709,0.88419,ok,1498597200,27719
1950,0.87952,0.88081,0.87792,0.87994,ok,1498683600,19620
1951,0.8766,0.88135,0.8762,0.87959,ok,1498770000,17292
1952,0.87806,0.87896,0.87563,0.87766,ok,1499029200,13853
1953,0.8779,0.87897,0.8763,0.87759,ok,1499115600,11719
1954,0.87758,0.88083,0.87613,0.87762,ok,1499202000,14409
1955,0.88054,0.88177,0.87559,0.87722,ok,1499288400,15735
1956,0.88429,0.88598,0.87963,0.88047,ok,1499374800,15642
1957,0.88488,0.88584,0.88325,0.88428,ok,1499634000,10785
1958,0.89236,0.89324,0.88143,0.88474,ok,1499720400,14873
1959,0.88549,0.89485,0.88381,0.89177,ok,1499806800,23066
1960,0.88074,0.8873,0.88015,0.88553,ok,1499893200,19950
1961,0.87493,0.88164,0.87425,0.88056,ok,1499979600,18213
1962,0.87912,0.8797,0.8744,0.87548,ok,1500238800,12029
1963,0.88581,0.88979,0.87811,0.87878,ok,1500325200,23843
1964,0.88407,0.88615,0.88283,0.88575,ok,1500411600,13987
1965,0.89625,0.89769,0.88321,0.88361,ok,1500498000,29149
1966,0.89728,0.89941,0.89392,0.89595,ok,1500584400,18259
1967,0.89342,0.89834,0.89202,0.89788,ok,1500843600,15495
1968,0.89396,0.89586,0.89264,0.89332,ok,1500930000,17629
1969,0.89406,0.89543,0.89038,0.89391,ok,1501016400,23618
1970,0.89354,0.89532,0.88905,0.89437,ok,1501102800,24671
1971,0.89409,0.89685,0.89281,0.89308,ok,1501189200,18464
1972,0.89588,0.89751,0.89325,0.89445,ok,1501448400,18317
1973,0.89355,0.89632,0.89219,0.89593,ok,1501534800,17928
1974,0.89642,0.8988,0.893,0.89343,ok,1501621200,18019
1975,0.90326,0.9048,0.89222,0.89575,ok,1501707600,21541
1976,0.90245,0.90538,0.89953,0.90309,ok,1501794000,18397
1977,0.90485,0.90601,0.90209,0.90236,ok,1502053200,12618
1978,0.90429,0.90872,0.90362,0.90475,ok,1502139600,14714
1979,0.90408,0.90557,0.90086,0.90422,ok,1502226000,21002
1980,0.90702,0.9075,0.90072,0.90388,ok,1502312400,18574
1981,0.90827,0.91181,0.90506,0.90656,ok,1502398800,21472
1982,0.90856,0.90971,0.90699,0.9088,ok,1502658000,15609
1983,0.91165,0.9132,0.90501,0.90834,ok,1502744400,20433
1984,0.91268,0.91422,0.90819,0.91168,ok,1502830800,21683
1985,0.91088,0.91356,0.90624,0.91268,ok,1502917200,21815
1986,0.91287,0.91487,0.90898,0.91035,ok,1503003600,20813
1987,0.9158,0.91612,0.91105,0.9132,ok,1503262800,13765
1988,0.91709,0.91758,0.91532,0.9158,ok,1503349200,15254
1989,0.9224,0.92356,0.91599,0.91685,ok,1503435600,17428
1990,0.92172,0.92342,0.91891,0.92213,ok,1503522000,15899
1991,0.9252,0.92691,0.91946,0.9206,ok,1503608400,23091
1992,0.9261,0.92673,0.92293,0.92351,ok,1503867600,14343
1993,0.92649,0.93057,0.92458,0.92583,ok,1503954000,26445
1994,0.91923,0.92685,0.91923,0.92619,ok,1504040400,23009
1995,0.92071,0.92366,0.91853,0.91909,ok,1504126800,24588
1996,0.91511,0.92216,0.9149,0.92099,ok,1504213200,26597
1997,0.91945,0.92253,0.91621,0.91677,ok,1504472400,13810
1998,0.91408,0.92122,0.91318,0.91954,ok,1504558800,22574
1999,0.91348,0.91637,0.91228,0.91365,ok,1504645200,21249
2000,0.91745,0.9202,0.91164,0.91335,ok,1504731600,34259
2001,0.91151,0.92017,0.9109,0.9172,ok,1504818000,28057
2002,0.90785,0.91211,0.90746,0.91135,ok,1505077200,17099
2003,0.90077,0.90823,0.89816,0.90811,ok,1505163600,22181
2004,0.89963,0.90379,0.8982,0.90077,ok,1505250000,19423
2005,0.88928,0.90423,0.88658,0.8992,ok,1505336400,28768
2006,0.87856,0.89054,0.87734,0.88892,ok,1505422800,29892
2007,0.88543,0.88624,0.87779,0.87854,ok,1505682000,23460
2008,0.88753,0.88983,0.88427,0.88512,ok,1505768400,25830
2009,0.88108,0.88872,0.87949,0.88763,ok,1505854800,33814
2010,0.879,0.88335,0.87829,0.88098,ok,1505941200,21833
2011,0.88451,0.88832,0.87867,0.879,ok,1506027600,30270
2012,0.87964,0.88377,0.87745,0.88178,ok,1506286800,24674
2013,0.87606,0.87992,0.87534,0.87949,ok,1506373200,23288
2014,0.8772,0.87985,0.87458,0.87584,ok,1506459600,23534
2015,0.87666,0.8809,0.87593,0.87731,ok,1506546000,22727
2016,0.88148,0.88412,0.87639,0.87643,ok,1506632400,22434
2017,0.88347,0.88677,0.88007,0.88147,ok,1506891600,18836
2018,0.88698,0.88807,0.88214,0.88328,ok,1506978000,18065
2019,0.88754,0.88803,0.88495,0.88665,ok,1507064400,16500
2020,0.89258,0.8933,0.88733,0.88744,ok,1507150800,18994
2021,0.89734,0.89918,0.89204,0.89225,ok,1507237200,21785
2022,0.89317,0.89754,0.89056,0.89505,ok,1507496400,11957
2023,0.8942,0.89538,0.89246,0.89306,ok,1507582800,17284
2024,0.89666,0.89879,0.89378,0.89378,ok,1507669200,16302
2025,0.8916,0.90324,0.89138,0.89626,ok,1507755600,23727
2026,0.88932,0.89328,0.88753,0.89239,ok,1507842000,24709
2027,0.88982,0.89219,0.88553,0.88764,ok,1508101200,16830
2028,0.89184,0.89292,0.88568,0.89002,ok,1508187600,20701
2029,0.8925,0.89464,0.88948,0.89187,ok,1508274000,17785
2030,0.90042,0.90117,0.8923,0.8924,ok,1508360400,21365
2031,0.89263,0.90218,0.89232,0.90028,ok,1508446800,22799
2032,0.89016,0.89267,0.88856,0.89191,ok,1508706000,16889
2033,0.8952,0.89747,0.88934,0.89006,ok,1508792400,17209
2034,0.89044,0.89726,0.88791,0.8951,ok,1508878800,25585
2035,0.88518,0.89561,0.88499,0.89033,ok,1508965200,27222
2036,0.88375,0.89008,0.88253,0.88527,ok,1509051600,23365
2037,0.88208,0.88478,0.87924,0.88393,ok,1509310800,16629
2038,0.87652,0.88229,0.87652,0.88203,ok,1509397200,17849
2039,0.87704,0.8783,0.87325,0.87661,ok,1509483600,20532
2040,0.89261,0.89379,0.8766,0.87696,ok,1509570000,30868
2041,0.88731,0.8934,0.88725,0.89249,ok,1509656400,19906
2042,0.88111,0.88878,0.88098,0.88809,ok,1509919200,14734
2043,0.87982,0.88338,0.87909,0.8812,ok,1510005600,16488
2044,0.88385,0.88619,0.87969,0.87973,ok,1510092000,14925
2045,0.88531,0.88764,0.88238,0.8836,ok,1510178400,19665
2046,0.88382,0.88739,0.8811,0.88497,ok,1510264800,15325
2047,0.88939,0.89222,0.88431,0.88511,ok,1510524000,16246
2048,0.89595,0.8974,0.88883,0.88921,ok,1510610400,19003
2049,0.89488,0.90129,0.89472,0.89564,ok,1510696800,25185
2050,0.89186,0.89665,0.89108,0.89457,ok,1510783200,20084
2051,0.89116,0.89533,0.88976,0.89192,ok,1510869600,21317
2052,0.88639,0.89222,0.88559,0.89134,ok,1511128800,21241
2053,0.8866,0.88847,0.88413,0.88642,ok,1511215200,17443
2054,0.88702,0.88909,0.88531,0.886,ok,1511301600,17352
2055,0.89001,0.89109,0.88635,0.88686,ok,1511388000,10721
2056,0.89358,0.89612,0.8892,0.88997,ok,1511474400,17964
2057,0.89322,0.89664,0.89241,0.8941,ok,1511733600,16476
2058,0.88705,0.89809,0.88462,0.89316,ok,1511820000,29408
2059,0.88318,0.88746,0.88166,0.88638,ok,1511906400,28021
2060,0.87968,0.88383,0.8776,0.88323,ok,1511992800,28509
2061,0.88179,0.88431,0.8788,0.87951,ok,1512079200,29268
2062,0.87995,0.88323,0.87551,0.88169,ok,1512338400,29326
2063,0.87944,0.88668,0.8779,0.87977,ok,1512424800,22942
2064,0.88056,0.88528,0.87909,0.87935,ok,1512511200,23038
2065,0.87353,0.88492,0.87327,0.88012,ok,1512597600,25804
2066,0.879,0.88054,0.86885,0.87329,ok,1512684000,27709
2067,0.88216,0.88437,0.87724,0.87873,ok,1512943200,17473
2068,0.88148,0.88449,0.87904,0.88198,ok,1513029600,17824
2069,0.88126,0.88344,0.87818,0.88148,ok,1513116000,21979
2070,0.87672,0.88325,0.87601,0.8816,ok,1513202400,25825
2071,0.88139,0.88588,0.876,0.8766,ok,1513288800,22397
2072,0.88025,0.88399,0.8792,0.8817,ok,1513548000,16717
2073,0.88423,0.88657,0.87979,0.88001,ok,1513634400,18710
2074,0.88739,0.88784,0.88279,0.88421,ok,1513720800,17997
2075,0.88681,0.88893,0.88673,0.88734,ok,1513807200,15881
2076,0.88729,0.88862,0.8835,0.88683,ok,1513893600,17041
2077,0.88642,0.88922,0.88578,0.88713,ok,1514239200,7521
2078,0.88674,0.88864,0.88532,0.88632,ok,1514325600,14464
2079,0.88823,0.88932,0.88657,0.88668,ok,1514412000,12318
2080,0.88803,0.88908,0.88569,0.88788,ok,1514498400,15204
2081,0.88707,0.89174,0.88582,0.88808,ok,1514844000,16443
2082,0.8886,0.88994,0.88476,0.8872,ok,1514930400,15544
2083,0.8903,0.89238,0.88798,0.88864,ok,1515016800,14216
2084,0.88618,0.89103,0.88618,0.89009,ok,1515103200,15460
2085,0.88187,0.88749,0.88144,0.88657,ok,1515362400,14245
2086,0.88148,0.88334,0.88082,0.8817,ok,1515448800,14720
2087,0.88441,0.88723,0.88123,0.88127,ok,1515535200,22143
2088,0.88844,0.89117,0.88419,0.88419,ok,1515621600,22139
2089,0.88828,0.89279,0.88544,0.88865,ok,1515708000,30035
2090,0.88875,0.89094,0.8872,0.88765,ok,1515967200,22156
2091,0.88885,0.89007,0.88615,0.88877,ok,1516053600,23129
2092,0.88095,0.89072,0.88087,0.88854,ok,1516140000,30743
2093,0.88065,0.88367,0.8801,0.88084,ok,1516226400,21154
2094,0.88152,0.88448,0.88015,0.88021,ok,1516312800,21273
2095,0.87644,0.88306,0.87614,0.8828,ok,1516572000,16298
2096,0.8783,0.8795,0.87608,0.87629,ok,1516658400,19594
2097,0.87097,0.87865,0.86981,0.87797,ok,1516744800,27089
2098,0.87653,0.87844,0.86861,0.87117,ok,1516831200,48236
2099,0.87742,0.87837,0.87185,0.87616,ok,1516917600,31150
2100,0.87958,0.88156,0.87662,0.87838,ok,1517176800,23548
2101,0.87628,0.88322,0.87532,0.87942,ok,1517263200,24446
2102,0.87417,0.88155,0.87414,0.87618,ok,1517349600,28599
2103,0.87643,0.87735,0.87152,0.87408,ok,1517436000,24469
2104,0.88178,0.88243,0.87561,0.87662,ok,1517522400,23418
2105,0.88546,0.88724,0.88106,0.88137,ok,1517781600,26590
2106,0.88707,0.89099,0.88542,0.88542,ok,1517868000,36952
2107,0.88336,0.88974,0.88328,0.88676,ok,1517954400,24897
2108,0.87988,0.88403,0.87313,0.88335,ok,1518040800,37346
2109,0.88546,0.88787,0.87781,0.88001,ok,1518127200,34478
2110,0.88821,0.88913,0.88424,0.88638,ok,1518386400,19073
2111,0.88895,0.89094,0.8857,0.88811,ok,1518472800,19894
2112,0.88915,0.8919,0.88737,0.88869,ok,1518559200,27332
2113,0.88688,0.89014,0.88572,0.88897,ok,1518645600,23757
2114,0.88381,0.88879,0.88377,0.88669,ok,1518732000,20588
2115,0.88612,0.88686,0.88438,0.88438,ok,1518991200,11218
2116,0.88133,0.8869,0.88047,0.88559,ok,1519077600,18897
2117,0.88244,0.88569,0.8805,0.88125,ok,1519164000,22589
2118,0.88348,0.88627,0.88221,0.88244,ok,1519250400,19473
2119,0.87979,0.88369,0.87859,0.88305,ok,1519336800,18544
2120,0.88177,0.88224,0.87712,0.87861,ok,1519596000,17334
2121,0.87933,0.88436,0.87861,0.88158,ok,1519682400,21085
2122,0.88564,0.8866,0.87785,0.87927,ok,1519768800,22146
2123,0.88987,0.89081,0.88363,0.88602,ok,1519855200,24459
2124,0.89208,0.89509,0.88954,0.89022,ok,1519941600,21164
2125,0.8906,0.89469,0.88838,0.89278,ok,1520200800,21285
2126,0.89265,0.89434,0.89026,0.89047,ok,1520287200,18749
2127,0.89259,0.89671,0.89185,0.89288,ok,1520373600,20839
2128,0.89119,0.89561,0.89058,0.89249,ok,1520460000,21324
2129,0.88795,0.8925,0.88742,0.89111,ok,1520546400,17588
2130,0.88695,0.88961,0.88488,0.88855,ok,1520802000,11002
2131,0.88727,0.88855,0.88506,0.88721,ok,1520888400,15795
2132,0.88574,0.88788,0.8844,0.8869,ok,1520974800,15175
2133,0.88285,0.88731,0.88231,0.8856,ok,1521061200,14699
2134,0.88083,0.88382,0.88073,0.88287,ok,1521147600,13443
2135,0.87939,0.88155,0.87446,0.88117,ok,1521406800,18817
2136,0.87444,0.87982,0.87435,0.87929,ok,1521493200,14758
2137,0.87237,0.87576,0.87064,0.87445,ok,1521579600,20050
2138,0.87263,0.87413,0.86632,0.87238,ok,1521666000,21220
2139,0.87367,0.87531,0.87089,0.87235,ok,1521752400,18326
2140,0.87421,0.87619,0.87161,0.8731,ok,1522011600,14879
2141,0.87583,0.87967,0.8744,0.87447,ok,1522098000,17508
2142,0.8741,0.87669,0.8733,0.87586,ok,1522184400,18893
2143,0.87723,0.87727,0.87375,0.87402,ok,1522270800,16148
2144,0.87885,0.87892,0.8761,0.87715,ok,1522357200,31711
2145,0.87576,0.87809,0.87506,0.87768,ok,1522616400,8140
2146,0.87257,0.87631,0.87125,0.87576,ok,1522702800,13692
2147,0.87195,0.8758,0.87144,0.87279,ok,1522789200,14005
2148,0.8739,0.87488,0.87152,0.87193,ok,1522875600,13894
2149,0.87107,0.8749,0.87005,0.87392,ok,1522962000,15166
2150,0.87179,0.87213,0.8697,0.8711,ok,1523221200,11277
2151,0.87149,0.87271,0.86916,0.87152,ok,1523307600,13276
2152,0.87219,0.87391,0.86982,0.8713,ok,1523394000,15012
2153,0.86621,0.87269,0.86415,0.87206,ok,1523480400,14878
2154,0.86559,0.86651,0.86273,0.8661,ok,1523566800,12701
2155,0.86326,0.86684,0.86266,0.86536,ok,1523826000,13062
2156,0.8655,0.86599,0.86203,0.8633,ok,1523912400,13790
2157,0.87108,0.87217,0.86435,0.8655,ok,1523998800,15259
2158,0.87638,0.87693,0.86881,0.87104,ok,1524085200,17293
2159,0.87707,0.87905,0.87333,0.87608,ok,1524171600,17901
2160,0.87561,0.8774,0.87442,0.87606,ok,1524430800,14254
2161,0.8749,0.87657,0.87403,0.87563,ok,1524517200,15469
2162,0.87281,0.87512,0.87281,0.87487,ok,1524603600,13514
2163,0.86951,0.87497,0.86801,0.87261,ok,1524690000,19311
2164,0.87962,0.88031,0.86817,0.86938,ok,1524776400,19058
2165,0.87724,0.88264,0.87646,0.87971,ok,1525035600,16583
2166,0.88058,0.88218,0.87587,0.87691,ok,1525122000,16840
2167,0.88022,0.88302,0.87822,0.88064,ok,1525208400,22877
2168,0.88302,0.88395,0.87984,0.87994,ok,1525294800,20578
2169,0.88359,0.88408,0.88149,0.88298,ok,1525381200,17256
2170,0.87917,0.88367,0.87782,0.88296,ok,1525640400,12041
2171,0.87556,0.8809,0.87532,0.87876,ok,1525726800,19078
2172,0.87447,0.87663,0.87272,0.87527,ok,1525813200,16667
2173,0.88128,0.8836,0.87285,0.87427,ok,1525899600,26990
2174,0.88128,0.88256,0.87881,0.88087,ok,1525986000,15387
2175,0.87951,0.88265,0.87937,0.88128,ok,1526245200,12592
2176,0.87631,0.88172,0.87604,0.87953,ok,1526331600,17919
2177,0.87514,0.87821,0.87314,0.87621,ok,1526418000,19062
2178,0.87246,0.87523,0.87122,0.87508,ok,1526504400,18459
2179,0.87352,0.8753,0.87225,0.87238,ok,1526590800,13566
2180,0.87761,0.87816,0.87249,0.87359,ok,1526850000,14861
2181,0.87669,0.87882,0.87574,0.8775,ok,1526936400,16711
2182,0.87588,0.87963,0.87385,0.8768,ok,1527022800,24526
2183,0.87566,0.8777,0.87376,0.8761,ok,1527109200,21262
2184,0.87556,0.87799,0.87411,0.87547,ok,1527195600,20305
2185,0.87307,0.87939,0.87244,0.87655,ok,1527454800,13329
2186,0.87038,0.87411,0.8697,0.87293,ok,1527541200,28941
2187,0.87803,0.87828,0.86972,0.87046,ok,1527627600,27046
2188,0.87908,0.87988,0.87553,0.87732,ok,1527714000,24934
2189,0.87298,0.88083,0.87257,0.87862,ok,1527800400,21214
2190,0.87848,0.8786,0.87277,0.87298,ok,1528059600,17104
2191,0.87448,0.87875,0.87231,0.87859,ok,1528146000,19349
2192,0.87762,0.87874,0.87355,0.87446,ok,1528232400,18140
2193,0.87857,0.88373,0.87749,0.87785,ok,1528318800,21692
2194,0.87724,0.87984,0.87583,0.87872,ok,1528405200,19789
2195,0.88046,0.88306,0.87723,0.87723,ok,1528664400,14321
2196,0.87782,0.88311,0.87694,0.88045,ok,1528750800,20200
2197,0.88139,0.88246,0.87779,0.87803,ok,1528837200,17896
2198,0.87215,0.88201,0.87192,0.88164,ok,1528923600,24929
2199,0.87347,0.87553,0.87173,0.87219,ok,1529010000,19133
2200,0.87732,0.87783,0.87253,0.87289,ok,1529269200,13163
2201,0.87925,0.87973,0.87523,0.87701,ok,1529355600,22071
2202,0.87826,0.88005,0.87674,0.87904,ok,1529442000,18792
2203,0.87578,0.87984,0.8725,0.87804,ok,1529528400,24576
2204,0.8784,0.88049,0.87511,0.87564,ok,1529614800,19924
2205,0.88108,0.88184,0.87802,0.87916,ok,1529874000,17873
2206,0.8805,0.88219,0.87977,0.88088,ok,1529960400,19350
2207,0.8807,0.88272,0.87966,0.88006,ok,1530046800,21473
2208,0.88424,0.88697,0.88057,0.88065,ok,1530133200,22639
2209,0.88421,0.889,0.88352,0.88392,ok,1530219600,27039
2210,0.88529,0.88682,0.88307,0.88324,ok,1530478800,20449
2211,0.8834,0.88613,0.88288,0.88464,ok,1530565200,17630
2212,0.8808,0.88399,0.87991,0.88303,ok,1530651600,16237
2213,0.88411,0.8857,0.88028,0.88052,ok,1530738000,20404
2214,0.8835,0.8867,0.88328,0.88388,ok,1530824400,17134
2215,0.88605,0.89009,0.88124,0.88129,ok,1531083600,27744
2216,0.88439,0.88743,0.88194,0.88605,ok,1531170000,20418
2217,0.88381,0.88608,0.88288,0.88422,ok,1531256400,22630
2218,0.88359,0.8849,0.88199,0.88381,ok,1531342800,16966
2219,0.88259,0.88655,0.88239,0.88351,ok,1531429200,17814
2220,0.88456,0.8853,0.88157,0.88303,ok,1531688400,14522
2221,0.88895,0.89142,0.8837,0.88456,ok,1531774800,21613
2222,0.8903,0.89312,0.88731,0.88816,ok,1531861200,20473
2223,0.89438,0.89541,0.89012,0.89028,ok,1531947600,23657
2224,0.89205,0.89573,0.89181,0.89426,ok,1532034000,21525
2225,0.89224,0.89355,0.89101,0.8928,ok,1532293200,14099
2226,0.88871,0.89261,0.88847,0.892,ok,1532379600,15152
2227,0.88894,0.89017,0.88718,0.88832,ok,1532466000,17163
2228,0.88757,0.8895,0.88643,0.88841,ok,1532552400,16959
2229,0.8888,0.88984,0.88733,0.88796,ok,1532638800,13021
2230,0.89114,0.8918,0.88802,0.88832,ok,1532898000,17798
2231,0.89048,0.89351,0.89017,0.89096,ok,1532984400,14469
2232,0.88822,0.89166,0.88822,0.89071,ok,1533070800,13871
2233,0.88979,0.89242,0.88537,0.88828,ok,1533157200,17786
2234,0.88921,0.89184,0.88899,0.88992,ok,1533243600,16062
2235,0.89238,0.89362,0.88875,0.88908,ok,1533502800,10523
2236,0.89626,0.89653,0.89205,0.89206,ok,1533589200,10266
2237,0.90105,0.90163,0.89572,0.89628,ok,1533675600,12580
2238,0.89863,0.90298,0.898,0.90113,ok,1533762000,13239
2239,0.89302,0.89912,0.89255,0.89847,ok,1533848400,29085
2240,0.89349,0.89453,0.89122,0.89204,ok,1534107600,21860
2241,0.89147,0.89404,0.88947,0.89329,ok,1534194000,19798
2242,0.89316,0.89385,0.89003,0.89145,ok,1534280400,19404
2243,0.89462,0.89592,0.89304,0.89314,ok,1534366800,18087
2244,0.89678,0.89771,0.89353,0.89435,ok,1534453200,15041
2245,0.8969,0.89755,0.89388,0.89665,ok,1534712400,11820
2246,0.8963,0.90014,0.89481,0.89707,ok,1534798800,16620
2247,0.89777,0.90041,0.89597,0.89646,ok,1534885200,13929
2248,0.90041,0.90227,0.89693,0.89785,ok,1534971600,15019
2249,0.904,0.90514,0.90011,0.90025,ok,1535058000,13726
2250,0.90528,0.90653,0.90338,0.90413,ok,1535317200,11017
2251,0.90835,0.90978,0.90516,0.9055,ok,1535403600,13691
2252,0.89845,0.90908,0.89826,0.90797,ok,1535490000,22269
2253,0.8966,0.8992,0.8953,0.89848,ok,1535576400,15660
2254,0.89495,0.89868,0.89373,0.89647,ok,1535662800,19266
2255,0.90235,0.90325,0.89663,0.89726,ok,1535922000,11117
2256,0.90081,0.90263,0.89885,0.9022,ok,1536008400,15756
2257,0.90096,0.90512,0.89555,0.90063,ok,1536094800,24401
2258,0.89858,0.90181,0.89737,0.90084,ok,1536181200,18001
2259,0.89375,0.90058,0.89087,0.89842,ok,1536267600,23555
2260,0.88967,0.89567,0.88942,0.89317,ok,1536526800,16402
2261,0.89004,0.89359,0.88752,0.88982,ok,1536613200,20233
2262,0.89056,0.89361,0.88753,0.89031,ok,1536699600,18596
2263,0.89125,0.89298,0.8885,0.89081,ok,1536786000,17629
2264,0.8889,0.8932,0.88877,0.89152,ok,1536872400,15725
2265,0.88768,0.89029,0.88751,0.88895,ok,1537131600,13632
2266,0.88723,0.89084,0.88696,0.8875,ok,1537218000,18473
2267,0.88771,0.89169,0.88608,0.88715,ok,1537304400,22858
2268,0.88732,0.88893,0.88472,0.88773,ok,1537390800,29391
2269,0.89781,0.89946,0.88676,0.88718,ok,1537477200,26656
2270,0.89494,0.89857,0.89345,0.89751,ok,1537736400,18442
2271,0.89241,0.89746,0.89199,0.89508,ok,1537822800,17871
2272,0.89115,0.89452,0.88999,0.89205,ok,1537909200,20847
2273,0.88995,0.89358,0.88834,0.89115,ok,1537995600,22777
2274,0.89007,0.89138,0.88719,0.88964,ok,1538082000,18827
2275,0.88763,0.89143,0.88566,0.89009,ok,1538341200,16683
2276,0.88938,0.89135,0.8866,0.88703,ok,1538427600,17262
2277,0.88651,0.89169,0.88591,0.88921,ok,1538514000,21972
2278,0.88406,0.88748,0.8834,0.88636,ok,1538600400,21643
2279,0.87768,0.88463,0.87761,0.88364,ok,1538686800,25082
2280,0.87749,0.88066,0.8772,0.87732,ok,1538946000,18048
2281,0.87386,0.87905,0.8732,0.87745,ok,1539032400,21395
2282,0.87297,0.87491,0.87227,0.8741,ok,1539118800,19884
2283,0.87551,0.87726,0.87247,0.87283,ok,1539205200,26706
2284,0.8785,0.8794,0.87446,0.87567,ok,1539291600,21333
2285,0.87995,0.88252,0.8794,0.88129,ok,1539550800,18434
2286,0.87755,0.88093,0.87519,0.88013,ok,1539637200,18745
2287,0.87663,0.8805,0.8761,0.87755,ok,1539723600,19380
2288,0.87951,0.88057,0.87675,0.87686,ok,1539810000,20232
2289,0.88081,0.88323,0.8775,0.87917,ok,1539896400,19924
2290,0.884,0.88558,0.87986,0.88036,ok,1540155600,18001
2291,0.88301,0.88452,0.87975,0.88402,ok,1540242000,20033
2292,0.88392,0.88483,0.88152,0.88243,ok,1540328400,19788
2293,0.88683,0.88823,0.88292,0.88392,ok,1540414800,20602
2294,0.88826,0.88954,0.88612,0.88662,ok,1540501200,21686
2295,0.88873,0.88994,0.88677,0.88794,ok,1540760400,17200
2296,0.89237,0.89386,0.88766,0.88826,ok,1540846800,16653
2297,0.88569,0.89314,0.88392,0.89229,ok,1540933200,23171
2298,0.87698,0.8879,0.87548,0.88714,ok,1541019600,31660
2299,0.87759,0.87992,0.87608,0.87688,ok,1541106000,22181
2300,0.87432,0.87716,0.87358,0.87386,ok,1541368800,19352
2301,0.87102,0.87536,0.87102,0.87408,ok,1541455200,18110
2302,0.8703,0.87461,0.87021,0.87108,ok,1541541600,27581
2303,0.86984,0.87375,0.86896,0.86996,ok,1541628000,21430
2304,0.87272,0.87435,0.86898,0.86974,ok,1541714400,22121
2305,0.87204,0.87729,0.87088,0.87558,ok,1541973600,26726
2306,0.86932,0.8741,0.86551,0.87216,ok,1542060000,31722
2307,0.86956,0.87569,0.86631,0.86927,ok,1542146400,45455
2308,0.88601,0.88879,0.86905,0.86961,ok,1542232800,50176
2309,0.88917,0.89037,0.88236,0.88655,ok,1542319200,27607
2310,0.89016,0.89306,0.88664,0.88768,ok,1542578400,19346
2311,0.88867,0.89217,0.88738,0.89032,ok,1542664800,19504
2312,0.88999,0.89227,0.88712,0.88846,ok,1542751200,17735
2313,0.88503,0.8922,0.884,0.88983,ok,1542837600,21592
2314,0.88376,0.88767,0.88339,0.88482,ok,1542924000,17733
2315,0.88368,0.88681,0.88315,0.88369,ok,1543183200,16342
2316,0.88542,0.88868,0.88325,0.88382,ok,1543269600,24166
2317,0.88616,0.88748,0.88097,0.88603,ok,1543356000,22516
2318,0.89078,0.89196,0.88427,0.88541,ok,1543442400,20475
2319,0.8867,0.89241,0.88599,0.88978,ok,1543528800,19935
2320,0.89128,0.89244,0.88626,0.8887,ok,1543788000,20191
2321,0.89102,0.89442,0.88889,0.8912,ok,1543874400,29304
2322,0.89046,0.8931,0.88738,0.89075,ok,1543960800,20218
2323,0.88971,0.89267,0.88859,0.88944,ok,1544047200,23394
2324,0.89358,0.89667,0.888,0.88902,ok,1544133600,23299
2325,0.90333,0.90864,0.89542,0.89645,ok,1544392800,33409
2326,0.90529,0.90688,0.90017,0.90321,ok,1544479200,30010
2327,0.90001,0.9068,0.89642,0.90472,ok,1544565600,37336
2328,0.89703,0.90138,0.89515,0.89957,ok,1544652000,24920
2329,0.89734,0.90041,0.89606,0.89663,ok,1544738400,23380
2330,0.89913,0.90028,0.89573,0.89604,ok,1544997600,24676
2331,0.89847,0.901,0.89623,0.89839,ok,1545084000,25500
2332,0.90138,0.90402,0.89778,0.89802,ok,1545170400,31902
2333,0.90391,0.90539,0.90025,0.90101,ok,1545256800,26948
2334,0.89858,0.90491,0.89784,0.90386,ok,1545343200,30190
2335,0.89654,0.90259,0.89581,0.8984,ok,1545602400,20708
2336,0.89828,0.90071,0.89654,0.89654,ok,1545775200,15431
2337,0.90337,0.90599,0.8968,0.89823,ok,1545861600,34418
2338,0.90053,0.9059,0.90031,0.90353,ok,1545948000,24472
2339,0.89767,0.90205,0.89265,0.90032,ok,1546207200,20288
2340,0.89917,0.90306,0.89767,0.89767,ok,1546380000,26515
2341,0.90123,0.9067,0.89828,0.90003,ok,1546466400,34755
2342,0.89432,0.90288,0.89432,0.90059,ok,1546552800,24395
2343,0.8974,0.89908,0.89432,0.89443,ok,1546812000,18085
2344,0.89973,0.90055,0.89464,0.89726,ok,1546898400,19069
2345,0.90207,0.90404,0.89746,0.89869,ok,1546984800,25979
2346,0.901,0.90588,0.901,0.90127,ok,1547071200,22335
2347,0.8923,0.9061,0.89216,0.90137,ok,1547157600,27453
2348,0.89083,0.89517,0.88746,0.89083,ok,1547416800,25990
2349,0.88603,0.89822,0.88545,0.89023,ok,1547503200,41520
2350,0.88385,0.88886,0.88375,0.88636,ok,1547589600,29959
2351,0.87586,0.88696,0.87586,0.88363,ok,1547676000,26074
2352,0.88197,0.8838,0.87555,0.87555,ok,1547762400,21463
2353,0.88107,0.88615,0.88055,0.88161,ok,1548021600,13994
2354,0.87599,0.88279,0.87594,0.88076,ok,1548108000,19397
2355,0.87039,0.87815,0.86974,0.8756,ok,1548194400,19909
2356,0.86457,0.87244,0.86457,0.87057,ok,1548280800,23623
2357,0.86337,0.86808,0.86159,0.86507,ok,1548367200,23588
2358,0.86774,0.86945,0.86347,0.86425,ok,1548626400,15644
2359,0.87453,0.87555,0.86551,0.86776,ok,1548712800,28380
2360,0.87514,0.87628,0.87132,0.87374,ok,1548799200,22128
2361,0.87294,0.87659,0.87106,0.8742,ok,1548885600,18276
2362,0.87515,0.87924,0.87257,0.87269,ok,1548972000,18054
2363,0.87621,0.87742,0.87255,0.87544,ok,1549231200,14136
2364,0.87952,0.88209,0.87391,0.87558,ok,1549317600,15245
2365,0.87839,0.88062,0.8772,0.87957,ok,1549404000,14115
2366,0.87509,0.88129,0.87275,0.87839,ok,1549490400,19469
2367,0.87363,0.87641,0.87363,0.87455,ok,1549576800,13200
2368,0.87659,0.87758,0.87417,0.8742,ok,1549836000,17183
2369,0.87833,0.8789,0.87558,0.87627,ok,1549922400,15037
2370,0.87643,0.87917,0.87426,0.87767,ok,1550008800,19013
2371,0.88236,0.88394,0.87519,0.87564,ok,1550095200,21234
2372,0.87522,0.88267,0.87516,0.8814,ok,1550181600,19192
2373,0.87491,0.87673,0.87385,0.87405,ok,1550440800,14222
2374,0.86763,0.87619,0.86717,0.8749,ok,1550527200,18521
2375,0.86845,0.87135,0.86698,0.86741,ok,1550613600,20586
2376,0.86905,0.87031,0.86655,0.86835,ok,1550700000,20697
2377,0.86744,0.87277,0.86718,0.86808,ok,1550786400,16199
2378,0.8668,0.86989,0.86611,0.86675,ok,1551045600,16941
2379,0.85921,0.86625,0.85617,0.86625,ok,1551132000,27649
2380,0.8541,0.85954,0.85287,0.85897,ok,1551218400,21121
2381,0.85726,0.85856,0.85314,0.85343,ok,1551304800,20694
2382,0.85982,0.86222,0.85695,0.85721,ok,1551391200,19888
2383,0.8603,0.86078,0.85571,0.8587,ok,1551650400,15416
2384,0.85743,0.86448,0.85743,0.86014,ok,1551736800,20425
2385,0.8575,0.86186,0.8572,0.8572,ok,1551823200,17507
2386,0.85528,0.86239,0.85351,0.85815,ok,1551909600,21573
2387,0.86216,0.86536,0.85447,0.85483,ok,1551996000,23905
2388,0.85447,0.86754,0.85326,0.86514,ok,1552251600,27545
2389,0.86241,0.86532,0.84711,0.85454,ok,1552338000,49050
2390,0.84897,0.8641,0.84714,0.86228,ok,1552424400,30182
2391,0.85306,0.85611,0.84853,0.84893,ok,1552510800,30889
2392,0.85137,0.85738,0.85084,0.85306,ok,1552597200,21373
2393,0.8546,0.85939,0.85084,0.85102,ok,1552856400,19833
2394,0.85501,0.85688,0.85328,0.85483,ok,1552942800,16792
2395,0.86323,0.86653,0.85454,0.85496,ok,1553029200,27579
2396,0.86658,0.8722,0.86369,0.86409,ok,1553115600,31462
2397,0.8549,0.86776,0.85321,0.86716,ok,1553202000,27823
2398,0.85686,0.85976,0.85356,0.85424,ok,1553461200,24744
2399,0.85232,0.85949,0.85184,0.85586,ok,1553547600,24387
2400,0.85133,0.85499,0.84826,0.85297,ok,1553634000,29418
2401,0.86016,0.86078,0.85094,0.85227,ok,1553720400,29707
2402,0.85964,0.8648,0.85499,0.85884,ok,1553806800,36496
2403,0.85439,0.8626,0.85243,0.86034,ok,1554066000,22412
2404,0.85194,0.8607,0.8518,0.85496,ok,1554152400,28047
2405,0.85336,0.85571,0.85016,0.85254,ok,1554238800,22974
2406,0.8581,0.85923,0.85175,0.85271,ok,1554325200,21479
2407,0.8596,0.86361,0.85557,0.85754,ok,1554411600,21211
2408,0.86144,0.86445,0.85898,0.8593,ok,1554670800,16173
2409,0.86201,0.86511,0.85925,0.86126,ok,1554757200,21934
2410,0.86047,0.86314,0.85904,0.8619,ok,1554843600,18345
2411,0.86179,0.86337,0.85987,0.86059,ok,1554930000,18163
2412,0.86319,0.86563,0.86135,0.86148,ok,1555016400,17334
2413,0.86246,0.86487,0.86179,0.86328,ok,1555275600,13672
2414,0.86403,0.8659,0.86198,0.86208,ok,1555362000,17599
2415,0.86557,0.86804,0.86403,0.86403,ok,1555448400,16158
2416,0.86397,0.86653,0.86279,0.86593,ok,1555534800,19512
2417,0.86402,0.86546,0.8637,0.86372,ok,1555621200,20286
2418,0.86667,0.86751,0.86393,0.86444,ok,1555880400,5619
2419,0.86705,0.86812,0.86352,0.86616,ok,1555966800,14479
2420,0.86396,0.86781,0.86297,0.86637,ok,1556053200,16627
2421,0.86278,0.86537,0.8626,0.86347,ok,1556139600,16829
2422,0.86205,0.86387,0.86192,0.86268,ok,1556226000,16152
2423,0.86408,0.86478,0.86149,0.86265,ok,1556485200,10889
2424,0.85977,0.86489,0.85896,0.86398,ok,1556571600,16334
2425,0.85725,0.86055,0.85725,0.85946,ok,1556658000,15693
2426,0.85708,0.85968,0.85644,0.85748,ok,1556744400,16338
2427,0.84988,0.85866,0.84964,0.85661,ok,1556830800,17747
2428,0.85436,0.85557,0.84876,0.84944,ok,1557090000,14897
2429,0.8558,0.85806,0.85372,0.85396,ok,1557176400,14136
2430,0.8594,0.86232,0.85493,0.85509,ok,1557262800,15498
2431,0.8612,0.86477,0.85964,0.85987,ok,1557349200,15870
2432,0.86348,0.86399,0.86096,0.86103,ok,1557435600,14970
2433,0.8652,0.86799,0.86237,0.86305,ok,1557694800,14550
2434,0.86737,0.86909,0.86511,0.86598,ok,1557781200,13474
2435,0.87123,0.87358,0.86679,0.86772,ok,1557867600,15182
2436,0.87285,0.87471,0.87136,0.87192,ok,1557954000,11021
2437,0.8768,0.87779,0.87274,0.87274,ok,1558040400,13518
2438,0.87705,0.87838,0.87487,0.87548,ok,1558299600,9259
2439,0.87825,0.87887,0.87234,0.87698,ok,1558386000,20598
2440,0.87973,0.88392,0.87715,0.87804,ok,1558472400,16023
2441,0.88307,0.88369,0.87893,0.87987,ok,1558558800,17973
2442,0.88041,0.88495,0.88018,0.88338,ok,1558645200,16727
2443,0.88219,0.88346,0.87895,0.87931,ok,1558904400,12026
2444,0.88178,0.8841,0.88052,0.88224,ok,1558990800,14816
2445,0.8811,0.88318,0.87976,0.88163,ok,1559077200,14074
2446,0.88248,0.88402,0.88065,0.88077,ok,1559163600,11050
2447,0.88345,0.88739,0.88175,0.88182,ok,1559250000,19357
2448,0.88715,0.88871,0.88244,0.88352,ok,1559509200,16140
2449,0.88588,0.89014,0.88515,0.88665,ok,1559595600,20808
2450,0.88443,0.88775,0.88412,0.8854,ok,1559682000,19016
2451,0.88765,0.88901,0.88213,0.88399,ok,1559768400,23194
2452,0.88894,0.89005,0.88489,0.88724,ok,1559854800,16824
2453,0.89137,0.89289,0.88799,0.88823,ok,1560114000,13109
2454,0.88968,0.89319,0.88908,0.89115,ok,1560200400,15740
2455,0.88925,0.89147,0.88708,0.88926,ok,1560286800,17655
2456,0.88956,0.89187,0.88768,0.88863,ok,1560373200,13707
2457,0.88941,0.89171,0.88842,0.8885,ok,1560459600,17534
2458,0.89416,0.89503,0.88926,0.89018,ok,1560718800,11705
2459,0.89116,0.89738,0.891,0.89466,ok,1560805200,16291
2460,0.8874,0.8926,0.88724,0.89058,ok,1560891600,15334
2461,0.88858,0.8922,0.88715,0.88762,ok,1560978000,18448
2462,0.89141,0.89448,0.8884,0.8884,ok,1561064400,15977
2463,0.8941,0.896,0.89151,0.89204,ok,1561323600,12519
2464,0.89512,0.89628,0.89151,0.89426,ok,1561410000,15801
2465,0.89534,0.89753,0.89404,0.89485,ok,1561496400,15281
2466,0.89653,0.89809,0.8937,0.89526,ok,1561582800,14538
2467,0.89478,0.89912,0.89393,0.89658,ok,1561669200,14095
2468,0.89226,0.89791,0.89226,0.89363,ok,1561928400,15054
2469,0.8956,0.89722,0.89176,0.89246,ok,1562014800,14847
2470,0.89627,0.89892,0.89523,0.89545,ok,1562101200,12258
2471,0.8964,0.89768,0.89587,0.89623,ok,1562187600,12845
2472,0.89541,0.89839,0.89536,0.89631,ok,1562274000,14362
2473,0.89518,0.89727,0.89518,0.89573,ok,1562533200,8301
2474,0.89914,0.90015,0.89541,0.8959,ok,1562619600,11230
2475,0.89954,0.90095,0.89793,0.89812,ok,1562706000,13782
2476,0.89816,0.90049,0.89658,0.89925,ok,1562792400,13817
2477,0.89552,0.89894,0.89547,0.89794,ok,1562878800,12998
2478,0.89878,0.90002,0.89546,0.89599,ok,1563138000,9098
2479,0.90319,0.90467,0.89869,0.89879,ok,1563224400,12751
2480,0.90196,0.90506,0.90142,0.90252,ok,1563310800,11830
2481,0.89838,0.90384,0.89786,0.90227,ok,1563397200,14735
2482,0.89659,0.89971,0.89562,0.89827,ok,1563483600,12277
2483,0.89764,0.89993,0.89547,0.89721,ok,1563742800,8459
2484,0.89547,0.90045,0.89523,0.89776,ok,1563829200,12054
2485,0.89209,0.8967,0.89052,0.89596,ok,1563915600,11795
2486,0.89449,0.89587,0.88911,0.8919,ok,1564002000,16279
2487,0.89816,0.89866,0.89424,0.89424,ok,1564088400,10338
2488,0.91178,0.91209,0.89743,0.89874,ok,1564347600,14944
2489,0.9176,0.91893,0.91109,0.91122,ok,1564434000,21085
2490,0.90996,0.91801,0.90882,0.91704,ok,1564520400,25852
2491,0.91302,0.91478,0.90949,0.9098,ok,1564606800,26242
2492,0.9128,0.91696,0.91089,0.91319,ok,1564693200,25565
2493,0.92201,0.92291,0.91273,0.91322,ok,1564952400,26447
2494,0.91987,0.9249,0.91548,0.92194,ok,1565038800,22841
2495,0.92159,0.92476,0.91878,0.92002,ok,1565125200,23823
2496,0.92105,0.92645,0.92063,0.92182,ok,1565211600,20788
2497,0.93049,0.93166,0.92025,0.92063,ok,1565298000,23245
2498,0.92787,0.93237,0.92467,0.9277,ok,1565557200,20971
2499,0.92564,0.92939,0.92398,0.92769,ok,1565643600,27836
2500,0.92341,0.92752,0.92282,0.92569,ok,1565730000,20170
2501,0.91808,0.92504,0.91543,0.92325,ok,1565816400,25432
2502,0.9123,0.91932,0.90897,0.91875,ok,1565902800,18827
2503,0.91258,0.91694,0.91114,0.91195,ok,1566162000,14888
2504,0.91151,0.9183,0.91,0.91264,ok,1566248400,23967
2505,0.91405,0.91615,0.91095,0.91147,ok,1566334800,17598
2506,0.90334,0.91565,0.90275,0.91381,ok,1566421200,28820
2507,0.90612,0.90937,0.9033,0.90351,ok,1566507600,26781
2508,0.90738,0.91085,0.90619,0.90821,ok,1566766800,26797
2509,0.90201,0.90938,0.90152,0.90731,ok,1566853200,21915
2510,0.90665,0.91219,0.90165,0.90165,ok,1566939600,30171
2511,0.90733,0.90932,0.90505,0.90658,ok,1567026000,23091
2512,0.90294,0.90835,0.90198,0.90677,ok,1567112400,23877
2513,0.90813,0.91083,0.90253,0.90429,ok,1567371600,15762
2514,0.90763,0.91479,0.90483,0.9082,ok,1567458000,34304
2515,0.89983,0.90809,0.89971,0.90723,ok,1567544400,28085
2516,0.89395,0.90302,0.89395,0.89983,ok,1567630800,27509
2517,0.89649,0.89856,0.89377,0.89377,ok,1567717200,22935
2518,0.89637,0.89637,0.89637,0.89637,ok,1567803600,1
2519,0.89406,0.90139,0.89034,0.89782,ok,1567976400,22305
2520,0.89281,0.89738,0.89202,0.89422,ok,1568062800,18994
2521,0.89271,0.89507,0.89047,0.89323,ok,1568149200,20173
2522,0.89645,0.89718,0.88849,0.89229,ok,1568235600,33923
2523,0.88514,0.89736,0.88504,0.89641,ok,1568322000,26207
2524,0.88502,0.89015,0.88483,0.88634,ok,1568581200,18830
2525,0.88484,0.88885,0.88372,0.88476,ok,1568667600,17605
2526,0.88391,0.88801,0.88194,0.88524,ok,1568754000,20014
2527,0.88081,0.8893,0.88029,0.88359,ok,1568840400,22261
2528,0.88259,0.88448,0.8785,0.88081,ok,1568926800,22720
2529,0.88355,0.88547,0.88144,0.88311,ok,1569186000,18122
2530,0.88132,0.88518,0.88028,0.88323,ok,1569272400,21742
2531,0.88526,0.88793,0.88088,0.88132,ok,1569358800,18610
2532,0.88548,0.88852,0.88439,0.88515,ok,1569445200,17839
2533,0.8894,0.89024,0.88458,0.88529,ok,1569531600,16660
2534,0.88577,0.89041,0.8831,0.88946,ok,1569790800,15820
2535,0.88822,0.89361,0.88456,0.88601,ok,1569877200,28088
2536,0.89083,0.89238,0.88759,0.88759,ok,1569963600,21983
2537,0.88837,0.8921,0.88466,0.89024,ok,1570050000,24657
2538,0.88971,0.89363,0.88765,0.88843,ok,1570136400,19442
2539,0.88963,0.88976,0.88962,0.88976,ok,1570222800,4
2540,0.89233,0.89272,0.89007,0.89105,ok,1570395600,13944
2541,0.89575,0.89988,0.89121,0.89149,ok,1570482000,22420
2542,0.89857,0.8994,0.89371,0.89619,ok,1570568400,19587
2543,0.88385,0.90187,0.88299,0.89806,ok,1570654800,35035
2544,0.87176,0.88649,0.86943,0.88385,ok,1570741200,49651
2545,0.87425,0.88105,0.87142,0.87212,ok,1571000400,29260
2546,0.86235,0.87499,0.86228,0.87418,ok,1571086800,54507
2547,0.86261,0.87143,0.85961,0.86211,ok,1571173200,54830
2548,0.8628,0.8702,0.85739,0.86261,ok,1571259600,50234
2549,0.8613,0.86629,0.85952,0.86226,ok,1571346000,32043
2550,0.86185,0.86185,0.86181,0.86181,ok,1571432400,2
2551,0.86008,0.86595,0.85775,0.8614,ok,1571605200,26244
2552,0.864,0.86444,0.85733,0.85962,ok,1571691600,33049
2553,0.8615,0.86592,0.86145,0.86314,ok,1571778000,21597
2554,0.86389,0.86754,0.85993,0.8615,ok,1571864400,22898
2555,0.86299,0.86699,0.86251,0.86342,ok,1571950800,15803
2556,0.86251,0.86511,0.86148,0.8639,ok,1572210000,14571
2557,0.86267,0.86498,0.86068,0.86268,ok,1572296400,18912
2558,0.86425,0.86436,0.8611,0.86296,ok,1572382800,18712
2559,0.86127,0.86453,0.85998,0.86425,ok,1572469200,19222
2560,0.86211,0.8636,0.85944,0.86056,ok,1572555600,17456
2561,0.86311,0.86457,0.86205,0.86355,ok,1572818400,12398
2562,0.85894,0.86443,0.85845,0.86307,ok,1572904800,15173
2563,0.86048,0.86164,0.85856,0.85862,ok,1572991200,9775
2564,0.86214,0.86569,0.86014,0.86048,ok,1573077600,17924
2565,0.86169,0.86294,0.85976,0.86142,ok,1573164000,11808
2566,0.85795,0.86195,0.85571,0.86073,ok,1573423200,11839
2567,0.85672,0.86047,0.85573,0.85758,ok,1573509600,12647
2568,0.85627,0.85886,0.85534,0.85585,ok,1573596000,12471
2569,0.85487,0.85811,0.85442,0.8566,ok,1573682400,12560
2570,0.85592,0.85731,0.85492,0.85535,ok,1573768800,10668
2571,0.85462,0.85594,0.85209,0.8545,ok,1574028000,12323
2572,0.85692,0.85797,0.85332,0.85383,ok,1574114400,12217
2573,0.85668,0.85822,0.85594,0.85655,ok,1574200800,13435
2574,0.85597,0.85799,0.85442,0.85616,ok,1574287200,13433
2575,0.85792,0.86046,0.85592,0.85602,ok,1574373600,15171
2576,0.85321,0.85834,0.85293,0.85642,ok,1574632800,12364
2577,0.85638,0.85792,0.85258,0.85304,ok,1574719200,12588
2578,0.85115,0.85836,0.85067,0.85596,ok,1574805600,15195
2579,0.85243,0.85315,0.84975,0.85105,ok,1574892000,11340
2580,0.85109,0.85423,0.85065,0.852,ok,1574978400,12087
2581,0.85582,0.85738,0.85139,0.85331,ok,1575237600,12228
2582,0.85241,0.85639,0.85117,0.85554,ok,1575324000,12261
2583,0.84527,0.8529,0.84509,0.85213,ok,1575410400,16710
2584,0.84307,0.84547,0.84297,0.84515,ok,1575496800,11727
2585,0.84143,0.84667,0.84107,0.84342,ok,1575583200,12680
2586,0.84112,0.84259,0.83921,0.84148,ok,1575842400,11333
2587,0.84266,0.84309,0.83964,0.8411,ok,1575928800,13783
2588,0.84271,0.84601,0.84101,0.84216,ok,1576015200,16282
2589,0.84247,0.85078,0.84193,0.84314,ok,1576101600,30371
2590,0.83328,0.84469,0.82594,0.84237,ok,1576188000,44585
2591,0.83527,0.8364,0.83012,0.83325,ok,1576447200,17354
2592,0.8485,0.85096,0.83511,0.83535,ok,1576533600,27938
2593,0.84895,0.85167,0.84823,0.84907,ok,1576620000,21422
2594,0.85449,0.85561,0.84755,0.84941,ok,1576706400,22753
2595,0.8514,0.855,0.84759,0.85413,ok,1576792800,15730
2596,0.85698,0.8591,0.84847,0.84847,ok,1577052000,16219
2597,0.85574,0.8578,0.85428,0.85649,ok,1577138400,14234
2598,0.85307,0.85574,0.85171,0.85574,ok,1577311200,6723
2599,0.85328,0.85642,0.85084,0.85255,ok,1577397600,16700
2600,0.85362,0.85562,0.85116,0.85288,ok,1577656800,15506
2601,0.84499,0.85482,0.84499,0.85331,ok,1577743200,17307
2602,0.84979,0.85137,0.84469,0.84469,ok,1577916000,18720
2603,0.85253,0.85424,0.84891,0.84896,ok,1578002400,18522
2604,0.84946,0.8544,0.84919,0.85284,ok,1578261600,16436
2605,0.84938,0.85264,0.84651,0.84918,ok,1578348000,18114
2606,0.84738,0.85155,0.84542,0.84904,ok,1578434400,21857
2607,0.84921,0.85325,0.84704,0.84751,ok,1578520800,17202
2608,0.85058,0.8519,0.84787,0.84944,ok,1578607200,15290
2609,0.85714,0.85811,0.85157,0.85255,ok,1578866400,15072
2610,0.85443,0.85951,0.85392,0.85659,ok,1578952800,14787
2611,0.85486,0.85768,0.85368,0.85392,ok,1579039200,13280
2612,0.85141,0.85609,0.85086,0.85472,ok,1579125600,13496
2613,0.85197,0.85321,0.84857,0.85132,ok,1579212000,14931
2614,0.85264,0.85528,0.85198,0.85293,ok,1579471200,9072
2615,0.84868,0.85345,0.84863,0.85228,ok,1579557600,13400
2616,0.84376,0.85001,0.84223,0.84888,ok,1579644000,15052
2617,0.84181,0.84565,0.84163,0.84342,ok,1579730400,13366
2618,0.84296,0.84436,0.83813,0.84221,ok,1579816800,16662
2619,0.84364,0.84484,0.84078,0.84306,ok,1580076000,12302
2620,0.8458,0.8478,0.84309,0.84359,ok,1580162400,11177
2621,0.84496,0.84673,0.84463,0.84591,ok,1580248800,8680
2622,0.84221,0.84866,0.84113,0.84513,ok,1580335200,16606
2623,0.83992,0.84293,0.83866,0.84155,ok,1580421600,13600
2624,0.85023,0.85176,0.8406,0.84091,ok,1580680800,17345
2625,0.84683,0.8537,0.84638,0.85033,ok,1580767200,15521
2626,0.84591,0.84903,0.84333,0.84667,ok,1580853600,16039
2627,0.8492,0.84967,0.84569,0.8457,ok,1580940000,13561
2628,0.8486,0.84967,0.8461,0.84855,ok,1581026400,14805
2629,0.84447,0.85036,0.84418,0.84797,ok,1581285600,12618
2630,0.8421,0.84581,0.84196,0.84431,ok,1581372000,13418
2631,0.83857,0.84281,0.83811,0.84239,ok,1581458400,11707
2632,0.83076,0.83994,0.82949,0.83851,ok,1581544800,15262
2633,0.83005,0.83434,0.82976,0.8308,ok,1581631200,11554
2634,0.83306,0.83343,0.83022,0.83022,ok,1581890400,7367
2635,0.83019,0.83473,0.82814,0.83235,ok,1581976800,13909
2636,0.83614,0.83669,0.82943,0.82983,ok,1582063200,13349
2637,0.83704,0.8415,0.83537,0.83571,ok,1582149600,16437
2638,0.8364,0.83843,0.83425,0.83682,ok,1582236000,15966
2639,0.83927,0.84062,0.83404,0.83404,ok,1582495200,17516
2640,0.83615,0.83992,0.83377,0.83894,ok,1582581600,17975
2641,0.84267,0.84412,0.83556,0.83604,ok,1582668000,21097
2642,0.85365,0.85417,0.84255,0.84284,ok,1582754400,25781
2643,0.85954,0.86407,0.85202,0.85338,ok,1582840800,38056
2644,0.87285,0.8741,0.85936,0.86348,ok,1583100000,42618
2645,0.87119,0.87426,0.86815,0.8727,ok,1583186400,43992
2646,0.86493,0.87437,0.86486,0.87105,ok,1583272800,29741
2647,0.8673,0.86806,0.86205,0.86484,ok,1583359200,25514
2648,0.86418,0.87168,0.86418,0.86687,ok,1583445600,48670
2649,0.87168,0.87662,0.86527,0.86707,ok,1583701200,86643
2650,0.87333,0.87802,0.86802,0.87168,ok,1583787600,68493
2651,0.87841,0.88453,0.87138,0.87333,ok,1583874000,53885
2652,0.8894,0.89116,0.87669,0.87841,ok,1583960400,87049
2653,0.9036,0.9045,0.88424,0.8894,ok,1584046800,81434
2654,0.91063,0.91486,0.89784,0.90037,ok,1584306000,104155
2655,0.91188,0.91402,0.90641,0.91063,ok,1584392400,82974
2656,0.93792,0.94309,0.90672,0.91188,ok,1584478800,89523
2657,0.93013,0.94982,0.91204,0.9387,ok,1584565200,124761
2658,0.91782,0.93367,0.89901,0.93014,ok,1584651600,113796
2659,0.92848,0.93861,0.91508,0.9165,ok,1584910800,101971
2660,0.91672,0.93224,0.91421,0.92848,ok,1584997200,83358
2661,0.91462,0.9274,0.90543,0.91672,ok,1585083600,76865
2662,0.90315,0.92367,0.90291,0.91462,ok,1585170000,79340
2663,0.89341,0.909,0.8903,0.90315,ok,1585256400,77369
2664,0.88886,0.89867,0.88651,0.89335,ok,1585515600,52295
2665,0.8883,0.89682,0.88106,0.88886,ok,1585602000,65427
2666,0.88557,0.891,0.87844,0.8883,ok,1585688400,41354
2667,0.8752,0.88568,0.87384,0.88557,ok,1585774800,44732
2668,0.87965,0.88351,0.87378,0.87515,ok,1585861200,39862
2669,0.8817,0.88541,0.87643,0.87982,ok,1586120400,38364
2670,0.88254,0.88617,0.87995,0.8817,ok,1586206800,42868
2671,0.87599,0.88319,0.87447,0.88254,ok,1586293200,28137
2672,0.87637,0.87862,0.87237,0.87599,ok,1586379600,32684
2673,0.87716,0.87823,0.87508,0.87637,ok,1586466000,9744
2674,0.87141,0.8777,0.87056,0.87713,ok,1586725200,17750
2675,0.86911,0.87381,0.86808,0.87141,ok,1586811600,28301
2676,0.87052,0.87445,0.86903,0.86911,ok,1586898000,26163
2677,0.87007,0.87279,0.86957,0.87052,ok,1586984400,26491
2678,0.86883,0.87208,0.86801,0.87007,ok,1587070800,25476
2679,0.87281,0.87428,0.86874,0.86887,ok,1587330000,20251
2680,0.88299,0.88623,0.87225,0.87273,ok,1587416400,27819
2681,0.87731,0.8835,0.87731,0.8824,ok,1587502800,22022
2682,0.87275,0.87757,0.87078,0.87695,ok,1587589200,27850
2683,0.87452,0.87677,0.87112,0.87186,ok,1587675600,23327
2684,0.87099,0.87498,0.87048,0.87393,ok,1587934800,19450
2685,0.87066,0.87242,0.86882,0.87071,ok,1588021200,19096
2686,0.8718,0.87541,0.86933,0.86965,ok,1588107600,16430
2687,0.86942,0.87414,0.86703,0.87168,ok,1588194000,30006
2688,0.87812,0.87953,0.86892,0.86934,ok,1588280400,20677
2689,0.87604,0.88133,0.87538,0.87655,ok,1588539600,20398
2690,0.8714,0.87634,0.86899,0.87551,ok,1588626000,20887
2691,0.87394,0.87558,0.86972,0.87076,ok,1588712400,20907
2692,0.87616,0.87881,0.87076,0.87365,ok,1588798800,25541
2693,0.87296,0.87647,0.87119,0.87567,ok,1588885200,17718
2694,0.87607,0.88054,0.87106,0.87106,ok,1589144400,23176
2695,0.88462,0.88505,0.87516,0.87558,ok,1589230800,21243
2696,0.88396,0.88766,0.88067,0.88442,ok,1589317200,24840
2697,0.88312,0.88703,0.88253,0.88366,ok,1589403600,22530
2698,0.89333,0.89388,0.88281,0.88289,ok,1589490000,23205
2699,0.89483,0.89592,0.88935,0.89311,ok,1589749200,22288
2700,0.89137,0.8957,0.89015,0.89476,ok,1589835600,22237
2701,0.89693,0.89818,0.89088,0.89137,ok,1589922000,20357
2702,0.89575,0.89993,0.89451,0.89598,ok,1590008400,18699
2703,0.89529,0.89704,0.89287,0.89529,ok,1590094800,16817
2704,0.89337,0.89606,0.89273,0.89606,ok,1590354000,10740
2705,0.88998,0.89402,0.88798,0.89304,ok,1590440400,19114
2706,0.89748,0.89931,0.88878,0.88962,ok,1590526800,29484
2707,0.8988,0.89934,0.89627,0.89748,ok,1590613200,20729
2708,0.8987,0.90536,0.89787,0.89829,ok,1590699600,30511
2709,0.89129,0.90056,0.89013,0.89905,ok,1590958800,21531
2710,0.88964,0.89204,0.88659,0.89018,ok,1591045200,26803
2711,0.8931,0.89378,0.88779,0.88943,ok,1591131600,27324
2712,0.89986,0.90063,0.89222,0.89315,ok,1591218000,29233
2713,0.89084,0.90036,0.88847,0.89941,ok,1591304400,31728
2714,0.88741,0.89277,0.88688,0.88974,ok,1591563600,21582
2715,0.89066,0.89376,0.88633,0.88713,ok,1591650000,24260
2716,0.89213,0.89288,0.88819,0.89003,ok,1591736400,28642
2717,0.89635,0.90137,0.89138,0.89138,ok,1591822800,32155
2718,0.89672,0.89965,0.89475,0.89598,ok,1591909200,34263
2719,0.89796,0.90238,0.89607,0.89735,ok,1592168400,30283
2720,0.89558,0.89852,0.89113,0.89801,ok,1592254800,30538
2721,0.89522,0.89889,0.89377,0.89544,ok,1592341200,24790
2722,0.90183,0.90407,0.89489,0.89559,ok,1592427600,28139
2723,0.90473,0.90719,0.90057,0.90148,ok,1592514000,23938
2724,0.90284,0.90593,0.90195,0.90441,ok,1592773200,20677
2725,0.90312,0.9078,0.90181,0.90221,ok,1592859600,24949
2726,0.90564,0.90725,0.90152,0.90292,ok,1592946000,24686
2727,0.90295,0.90639,0.90006,0.90515,ok,1593032400,20566
2728,0.9088,0.90994,0.90205,0.90294,ok,1593118800,17463
2729,0.91386,0.91747,0.90793,0.90822,ok,1593378000,18481
2730,0.90557,0.91438,0.9055,0.91318,ok,1593464400,19786
2731,0.90151,0.90786,0.90121,0.90526,ok,1593550800,17884
2732,0.90121,0.9031,0.90023,0.9015,ok,1593637200,17370
2733,0.9004,0.90283,0.89978,0.90044,ok,1593723600,15543
2734,0.90471,0.90668,0.90047,0.90072,ok,1593982800,15177
2735,0.89792,0.90551,0.89663,0.90479,ok,1594069200,18133
2736,0.89836,0.90097,0.89743,0.89763,ok,1594155600,17116
2737,0.8951,0.89993,0.89453,0.89808,ok,1594242000,18890
2738,0.89471,0.89688,0.89373,0.89453,ok,1594328400,16009
2739,0.90339,0.90386,0.89353,0.895,ok,1594587600,16799
2740,0.90795,0.91119,0.90241,0.90247,ok,1594674000,19506
2741,0.90638,0.90813,0.90433,0.90744,ok,1594760400,19184
2742,0.90661,0.90946,0.90551,0.90602,ok,1594846800,18458
2743,0.90879,0.91339,0.9057,0.90608,ok,1594933200,13654
2744,0.90384,0.91371,0.90299,0.90856,ok,1595192400,20206
2745,0.90491,0.90567,0.90002,0.90298,ok,1595278800,21759
2746,0.90831,0.91361,0.90463,0.90483,ok,1595365200,24485
2747,0.9099,0.91238,0.90756,0.90773,ok,1595451600,23950
2748,0.91038,0.91239,0.90828,0.90953,ok,1595538000,22383
2749,0.91176,0.91474,0.90932,0.90953,ok,1595797200,23623
2750,0.90584,0.91338,0.90523,0.91126,ok,1595883600,23263
2751,0.90712,0.90866,0.90344,0.90514,ok,1595970000,22227
2752,0.90452,0.90779,0.90157,0.90644,ok,1596056400,22494
2753,0.89928,0.90621,0.89797,0.90388,ok,1596142800,30383
2754,0.89949,0.90142,0.89813,0.89928,ok,1596402000,22481
2755,0.90272,0.90402,0.8986,0.89873,ok,1596488400,19524
2756,0.90444,0.90581,0.90111,0.90269,ok,1596574800,19363
2757,0.90351,0.90526,0.8984,0.90381,ok,1596661200,25020
2758,0.90272,0.90409,0.90141,0.90236,ok,1596747600,21872
2759,0.89719,0.90285,0.89719,0.90216,ok,1597006800,15446
2760,0.8992,0.90081,0.89686,0.8973,ok,1597093200,19846
2761,0.90401,0.90524,0.89815,0.89878,ok,1597179600,20067
2762,0.90389,0.90512,0.90281,0.90291,ok,1597266000,18505
2763,0.90466,0.90479,0.89999,0.90326,ok,1597352400,14502
2764,0.90568,0.90693,0.90251,0.90377,ok,1597611600,13717
2765,0.90112,0.90615,0.90077,0.90507,ok,1597698000,20124
2766,0.90362,0.90445,0.90016,0.90023,ok,1597784400,21245
2767,0.89735,0.90676,0.8969,0.90344,ok,1597870800,22697
2768,0.90093,0.90149,0.89436,0.8969,ok,1597957200,21974
2769,0.90222,0.90433,0.89979,0.90015,ok,1598216400,15843
2770,0.89971,0.90362,0.8982,0.90212,ok,1598302800,17709
2771,0.89544,0.90027,0.89464,0.89914,ok,1598389200,16252
2772,0.89548,0.89638,0.89288,0.89488,ok,1598475600,27012
2773,0.89144,0.89735,0.89077,0.89456,ok,1598562000,22265
2774,0.89241,0.89658,0.89136,0.89169,ok,1598821200,18972
2775,0.88965,0.89454,0.88881,0.89234,ok,1598907600,24219
2776,0.88711,0.89068,0.88707,0.88929,ok,1598994000,21941
2777,0.89175,0.89335,0.88653,0.8869,ok,1599080400,21190
2778,0.89129,0.8951,0.88992,0.89179,ok,1599166800,23341
2779,0.89682,0.89933,0.89214,0.89287,ok,1599426000,13918
2780,0.90647,0.90703,0.89599,0.89674,ok,1599512400,23465
2781,0.90675,0.913,0.90579,0.90597,ok,1599598800,26813
2782,0.92182,0.92697,0.90658,0.90687,ok,1599685200,33028
2783,0.92545,0.9291,0.9209,0.92216,ok,1599771600,26506
2784,0.92277,0.92606,0.92,0.92596,ok,1600030800,21477
2785,0.91852,0.92582,0.91831,0.9229,ok,1600117200,19164
2786,0.91084,0.92065,0.90939,0.91841,ok,1600203600,25193
2787,0.91269,0.91687,0.90809,0.91098,ok,1600290000,32050
2788,0.91629,0.91766,0.91144,0.91235,ok,1600376400,21899
2789,0.91776,0.91963,0.91459,0.91531,ok,1600635600,25000
2790,0.91856,0.92195,0.9143,0.91776,ok,1600722000,31275
2791,0.91577,0.92172,0.9136,0.91863,ok,1600808400,25572
2792,0.91443,0.91799,0.91118,0.91571,ok,1600894800,27021
2793,0.91171,0.91675,0.91163,0.9136,ok,1600981200,20986
2794,0.9081,0.91185,0.90241,0.90932,ok,1601240400,21750
2795,0.91166,0.91451,0.90615,0.90775,ok,1601326800,22725
2796,0.90687,0.91562,0.90645,0.91152,ok,1601413200,24141
2797,0.91054,0.91547,0.90616,0.90635,ok,1601499600,34971
2798,0.90497,0.91226,0.90433,0.91025,ok,1601586000,33063
